# Constructed from biom file
#OTU ID	520	521	522	530	531	532	535	536	537	542	550	551	552	557	560	561	562	565	567	570	571	572	575	582
No blast hit;Other;Other;Other;Other	2.91027618521e-05	2.15791631601e-05	0.000127239953345	0.0	3.29456725859e-05	0.0	0.0	0.0	0.0	0.0	0.0	0.0	0.0	7.42794889571e-05	0.0	0.0	0.0	0.0	0.0	0.0	0.0	0.0	0.0	0.0
k__Fungi;p__Ascomycota;c__Archaeorhizomycetes;o__Archaeorhizomycetales;f__Archaeorhizomycetaceae	0.000116411047408	0.0	0.0	0.0	0.00767634171252	0.00919894983666	0.0	0.0	0.0	0.0	0.0	0.0	0.0103593692703	2.47598296524e-05	0.0	0.0	0.0	0.0	3.79780486879e-05	0.0	0.0263243793322	0.0	0.00753735325507	0.0
k__Fungi;p__Ascomycota;c__Dothideomycetes;o__Botryosphaeriales;f__Botryosphaeriaceae	0.0	4.31583263201e-05	0.000106033294454	0.0	0.00433235594505	0.0	0.0	0.0	0.0	0.0	0.0	0.0	0.0	0.0160443696147	0.00127713920817	0.0	0.000466675151669	0.00485639929361	0.00372184877141	0.0	0.0	0.0	0.0	0.0
k__Fungi;p__Ascomycota;c__Dothideomycetes;o__Capnodiales;f__Incertae_sedis	0.0	0.0	0.0	0.0	0.0	0.0	0.0	0.0	0.0	0.0	0.0	0.0	0.0	0.0	0.0	0.0	0.0	0.0	0.00858303900346	0.0	0.0	0.0	0.0	0.0
k__Fungi;p__Ascomycota;c__Dothideomycetes;o__Capnodiales;f__Mycosphaerellaceae	0.0392305229766	0.0101206275221	0.0176439401972	0.0144329143525	0.000691859124304	0.00629296350482	0.0	0.00543753161356	0.0	0.0	0.0	0.0	0.0	0.0	0.00354406130268	0.00673967986521	0.0	0.0	0.0	0.0	0.0	0.0	0.0101387406617	0.0
k__Fungi;p__Ascomycota;c__Dothideomycetes;o__Incertae_sedis;f__Incertae_sedis	0.0	0.0	0.0	0.0	0.0	0.0	0.0	0.0	0.00765450765451	0.0	0.0	0.0	0.0	0.0	0.0	0.0	0.0	0.0	0.0	0.0	0.0	0.0	0.0	0.0
k__Fungi;p__Ascomycota;c__Dothideomycetes;o__Incertae_sedis;f__Myxotrichaceae	0.0	0.0	0.0	0.0	0.0	0.0	0.0	0.000632271117855	0.0	0.0	0.0	0.0	0.0	4.95196593047e-05	0.0	0.0	0.0	0.0	0.0	0.0	0.0	3.20271590309e-05	0.0	0.0
k__Fungi;p__Ascomycota;c__Dothideomycetes;o__Pleosporales;f__Incertae_sedis	0.0	0.0	0.0	0.0	0.0	0.0	0.0	0.0	0.0	0.0	0.0	0.0	0.0	0.0	0.0	0.0	0.0	0.00518170833721	0.0	0.0	0.0	0.0	0.0	0.0
k__Fungi;p__Ascomycota;c__Dothideomycetes;o__Pleosporales;f__Montagnulaceae	0.00174616571113	0.0	0.000657406425618	0.0	0.0	0.0	0.0	0.0	0.0	0.0	0.0	0.0	0.0	0.0	0.0	0.0	0.0	0.0	0.0	0.0	0.0	0.0	0.0	0.0
k__Fungi;p__Ascomycota;c__Dothideomycetes;o__Pleosporales;f__Phaeosphaeriaceae	0.0	0.00012947497896	0.000360513201145	0.0	0.0	0.0	0.0	0.0	0.0	0.0	0.0	0.0	0.0	0.0	0.0	0.0	0.0	0.0	0.0	0.0	0.0	0.0	0.0	0.0
k__Fungi;p__Ascomycota;c__Dothideomycetes;o__Pleosporales;f__Pleosporaceae	0.0175780681587	0.0160980557174	0.0232424981444	0.0	0.0129147036537	4.00825700944e-05	0.00429672066377	0.0112228123419	0.00670950670951	0.0176202490437	0.0	0.0	0.0	0.0438991779737	0.00996168582375	0.024139718748	0.00708497730262	0.00785388976671	0.00850708290608	0.0	0.0	0.00592502442071	3.33511205977e-05	0.0158030694423
k__Fungi;p__Ascomycota;c__Dothideomycetes;o__Pleosporales;f__Venturiaceae	0.0	0.0	0.0	0.0	0.0	0.0	0.0	0.0	0.0	0.0	0.0	0.0	0.00907590759076	2.47598296524e-05	0.00740740740741	0.0	0.0	0.0	0.0	0.010620711851	0.000345615483574	0.0	0.0	0.00486248290533
k__Fungi;p__Ascomycota;c__Dothideomycetes;o__Pleosporales;f__unidentified	0.0161811355898	0.00412162016357	0.00801611706076	0.0	0.0	0.00699440848147	0.00444488344528	3.16135558928e-05	0.547502047502	0.000406934158053	0.0196771964061	0.0	2.29189585625e-05	0.000123799148262	0.0273946360153	0.0	0.0	2.32363602565e-05	0.00558277315712	0.0	0.00272652214819	1.60135795154e-05	0.0	0.0220939067011
k__Fungi;p__Ascomycota;c__Dothideomycetes;o__unidentified;f__unidentified	0.00779954017636	0.00263265790553	0.00152687944014	0.00774627301958	0.0112838928607	0.0275166843698	0.0168411694982	0.0	0.0	0.0	0.0	0.0	0.0	0.0	0.0	0.0	0.0	0.0	0.0	0.00337931740714	0.0	0.0064374589652	0.0	0.0
k__Fungi;p__Ascomycota;c__Eurotiomycetes;o__Chaetothyriales;f__Herpotrichiellaceae	0.0	0.000582637405321	0.0	0.00781935106694	0.0	0.0	0.00404978269459	0.0	0.000126000126	0.00663302677627	0.0154490385006	0.0	0.0	0.0	0.0	0.00557319681161	0.00280005091002	0.0	0.00113934146064	0.0	0.0	0.00928787611895	0.0	0.0
k__Fungi;p__Ascomycota;c__Eurotiomycetes;o__Chaetothyriales;f__unidentified	0.0	0.0	0.0	0.001132709734	0.0	0.0	0.0	0.0	0.0	0.0	0.0	0.0	0.0	0.0	0.0	0.0	0.0	0.0	0.0	0.0	0.0	0.0	0.0	0.0
k__Fungi;p__Ascomycota;c__Eurotiomycetes;o__Eurotiales;f__Trichocomaceae	0.0219143796746	0.055544765974	0.00761319054183	0.0	0.0	0.0133875784115	0.00933425523508	0.0	0.0	0.00219744445349	0.00780582997927	0.0262435489184	0.00531719838651	0.0380063385164	0.0135696040868	0.00758213984836	0.00551525179246	0.0028348359513	0.00197485853177	0.0	0.00366736429792	0.0283920764809	0.0	0.0115787874183
k__Fungi;p__Ascomycota;c__Incertae_sedis;o__Incertae_sedis;f__Incertae_sedis	0.0159774162568	0.0158606849226	0.0138479482558	0.00445776088863	0.0	0.0	0.0	0.00790338897319	0.001953001953	0.00415072841214	0.0	0.0	0.00928217821782	0.0	0.00482120051086	0.00456872529324	0.00445462644775	0.0	0.0	0.0	0.0	0.0	0.00720384204909	0.0
k__Fungi;p__Ascomycota;c__Leotiomycetes;o__Erysiphales;f__Erysiphaceae	0.0	0.0	0.0	0.0	0.0	0.0	0.0	0.0	0.0	0.0	0.0	0.0	0.0	0.0	0.0	0.0	0.0	0.0	0.0	0.0	0.0	0.0	0.0	0.0
k__Fungi;p__Ascomycota;c__Leotiomycetes;o__Helotiales;f__Dermateaceae	0.00110590495038	0.0001078958158	2.12066588909e-05	0.00632125109617	0.00858234770863	0.0	0.00987751876729	0.0	0.0	0.0	0.0	0.0	0.0	0.00297117955828	0.0	0.0152938889249	0.0	0.0	0.0	0.0167941834779	0.0	0.01090524765	0.0	0.00793192523933
k__Fungi;p__Ascomycota;c__Leotiomycetes;o__Helotiales;f__Geoglossaceae	0.0	0.0	0.0	0.0	0.0	0.0	0.0108158830502	0.0	0.0	0.0	0.0	0.0	0.0	0.0	0.0	0.0	0.0	0.0	0.0	0.0	0.0	0.0	0.0	0.0
k__Fungi;p__Ascomycota;c__Leotiomycetes;o__Helotiales;f__Helotiaceae	0.00151334361631	0.001618437237	0.00216307920687	0.0240426775797	0.0151385365532	0.0227468585286	9.87751876729e-05	0.0137518968134	0.00948150948151	0.00170912346382	0.0	0.0957065993192	0.04400440044	0.000123799148262	0.0273627075351	0.0587777849783	0.0341521360994	0.0159633794962	0.0210018609244	0.0629781880422	0.0	0.0401300302657	0.0313834044824	0.0265917033885
k__Fungi;p__Ascomycota;c__Leotiomycetes;o__Helotiales;f__Incertae_sedis	0.0	0.0	0.0	0.0	0.0	0.0	0.0	0.0	0.0	0.0	0.0	0.0	0.0	0.0	0.000255427841635	0.0	0.0	0.0	0.0	0.0	0.0	0.0	0.0	0.0128855796991
k__Fungi;p__Ascomycota;c__Leotiomycetes;o__Helotiales;f__Vibrisseaceae	0.0	0.0	0.0	0.0	0.0	0.0	0.0	0.0	0.0	0.0	0.0	0.0	0.0	0.0	0.0	0.0	0.0	0.0	0.0	0.0	0.0	0.0	0.0	0.0149825254521
k__Fungi;p__Ascomycota;c__Leotiomycetes;o__Helotiales;f__unidentified	0.000960391141119	0.000280529121081	0.000381719860036	0.0177214264835	9.88370177577e-05	0.0	0.0101738443303	0.0244056651492	0.0029295029295	0.0160738992431	0.00760255315689	0.0324805094982	0.0564952328566	2.47598296524e-05	0.00775862068966	0.0725163631651	0.0	4.64727205131e-05	0.0133302950894	0.00475445089749	3.84017203971e-05	0.00608516021586	0.0283818036286	0.0496884971889
k__Fungi;p__Ascomycota;c__Leotiomycetes;o__Incertae_sedis;f__Incertae_sedis	0.000989493902971	0.0	0.0	0.0115828705057	0.0	0.0	0.0036546819439	0.00856727364694	0.00819000819001	0.0201839342394	0.0	0.00920171296805	0.0	0.0	0.0	0.00515196682004	0.000296975096517	0.0	0.0	1.46290796846e-05	0.0	0.0	0.0151414087513	0.0
k__Fungi;p__Ascomycota;c__Leotiomycetes;o__Leotiales;f__Leotiaceae	0.0	0.0	0.0	0.0	0.0	0.0	0.0	0.0	0.0	0.0	0.0	0.0	0.0	0.0	0.0	0.0	0.0	0.0	0.0	0.0	0.0	0.0	0.0	0.0
k__Fungi;p__Ascomycota;c__Leotiomycetes;o__unidentified;f__unidentified	0.0	2.15791631601e-05	0.0	0.0	0.0	0.000160330280378	0.0	0.000126454223571	0.0	0.0	0.0	0.0	0.0	0.0	0.0	0.0	0.0	0.0	0.0	0.0	0.0	0.0	0.0	0.0
k__Fungi;p__Ascomycota;c__Pezizomycetes;o__Pezizales;f__Pezizaceae	0.0	0.0	0.0	0.0	0.0	0.0	0.0	0.0	0.0	0.0	0.0	0.0	0.0	0.0	0.00571519795658	0.0	0.0	0.0	0.0	0.0	0.00122885505271	0.0	0.0	0.0119434736362
k__Fungi;p__Ascomycota;c__Pezizomycetes;o__Pezizales;f__Pyronemataceae	0.0	0.0	0.0	0.0	0.0	0.0	0.0	0.0	0.0	0.0	0.0	0.0	0.0	0.0	0.0	0.0	0.0	0.0	0.0	0.0	0.0	0.0	0.0	0.0
k__Fungi;p__Ascomycota;c__Pezizomycetes;o__Pezizales;f__unidentified	0.000960391141119	0.0	0.0	0.0	0.0	0.0	0.0	0.0	0.0	0.0	0.0	0.0	0.0	0.0	0.0	0.0	0.0	0.0	0.0	0.0	0.0	0.0	0.0	0.0
k__Fungi;p__Ascomycota;c__Saccharomycetes;o__Saccharomycetales;f__Debaryomycetaceae	2.91027618521e-05	0.0	4.24133177818e-05	0.0	0.0	0.0	0.0	0.0	0.0	0.0	0.0	0.0	0.0	4.95196593047e-05	0.0	6.48046140885e-05	0.0	0.0	0.0	0.0	0.0	0.0	0.0	0.0
k__Fungi;p__Ascomycota;c__Saccharomycetes;o__Saccharomycetales;f__Dipodascaceae	0.0	0.0	0.0	0.0	0.0	0.0	0.0	0.0	0.0	0.0	0.0	0.0	0.0	0.0	0.0	0.0	0.0	0.0	0.00239261706734	0.0	0.0	0.0	0.0	0.00677708554931
k__Fungi;p__Ascomycota;c__Saccharomycetes;o__Saccharomycetales;f__Incertae_sedis	0.00779954017636	0.00882587773246	0.00740112395292	0.0188175971938	0.0629262346391	0.0454135519169	0.0604504148558	0.0	0.0142065142065	0.03511841784	0.0	0.0142088503349	0.0278006967363	0.0	0.0216155810983	0.00758213984836	0.00466675151669	0.0128264708616	0.00653222437431	0.0	0.00314894107256	0.010873220491	0.0	0.0167755660234
k__Fungi;p__Ascomycota;c__Saccharomycetes;o__Saccharomycetales;f__Metschnikowiaceae	0.0	0.0	0.0	0.0	0.0	0.0	0.0	0.0	0.0	0.0038251810857	0.0	0.0	0.0	0.0	0.0	0.0	0.0	0.0	0.0	0.0	0.0	0.0	0.0	0.0
k__Fungi;p__Ascomycota;c__Saccharomycetes;o__Saccharomycetales;f__Pichiaceae	0.00014551380926	4.31583263201e-05	0.000784646378963	0.00712510961707	0.010180212829	0.0128464637153	0.00597589885421	0.00388846737481	0.001575001575	0.0118824774152	0.00882221409115	0.000549028220051	0.000252108544188	0.000297117955828	0.00140485312899	0.00152290843108	0.00513342666836	0.00778418068594	0.0321294291899	2.92581593692e-05	0.000364816343772	0.0	0.0	0.0
k__Fungi;p__Ascomycota;c__Saccharomycetes;o__Saccharomycetales;f__Saccharomycetaceae	0.0	0.0	4.24133177818e-05	0.00628471207249	0.0	0.0100006012386	0.0618332674832	0.00904147698533	0.002142002142	0.023195247009	0.166321096069	0.0338201383551	0.0126741840851	0.00183222739428	0.0696040868455	0.14415786404	0.167748504518	0.00713356259875	0.0273062170066	0.00430094942727	0.00800675870279	0.00821496629142	0.0	0.0194195411032
k__Fungi;p__Ascomycota;c__Saccharomycetes;o__Saccharomycetales;f__Saccharomycodaceae	0.00427810599226	0.00291318702661	0.000636199766727	0.0535662087109	0.0499785853128	0.0242499549071	0.0161003555907	0.012961557916	0.0038745038745	0.100268576544	0.00382160426068	0.00390908092676	0.00531719838651	0.000346637615133	0.0181992337165	0.0065128637159	0.00398795129608	0.0337624314527	0.0200144316585	0.000453501470223	0.00230410322382	0.0	0.0	0.0
k__Fungi;p__Ascomycota;c__Saccharomycetes;o__Saccharomycetales;f__Trichomonascaceae	0.0	0.0	0.000190859930018	0.0	0.0	0.0	0.0	0.0	0.0	0.0	0.0	0.0	0.0	0.0	0.0	0.0	0.0	0.0	0.0	0.0	0.0	0.0	0.0	0.0
k__Fungi;p__Ascomycota;c__Sordariomycetes;o__Coniochaetales;f__unidentified	0.0	0.0	0.0	0.0	4.94185088789e-05	0.0	0.0	0.0	0.0	0.0	0.0	0.0224881958933	0.0	0.0	0.0	0.0	0.0	0.0	0.0	0.0	0.0	0.0	0.0	0.0
k__Fungi;p__Ascomycota;c__Sordariomycetes;o__Diaporthales;f__Diaporthaceae	0.0117575157882	0.0107248440905	0.0127664086523	0.00248465361006	0.0	2.00412850472e-05	0.0	3.16135558928e-05	0.0	0.00337755351184	0.0	0.0	9.16758342501e-05	0.0	3.19284802043e-05	0.00123128766768	0.0	0.0	0.0	0.0	0.0	0.0	3.33511205977e-05	0.0
k__Fungi;p__Ascomycota;c__Sordariomycetes;o__Diaporthales;f__Gnomoniaceae	0.0	0.0	0.0	0.0	0.0	0.0	0.0	0.0	0.0	0.0	0.0	0.0	0.0	0.0	0.0	0.0	0.0	0.0	0.0	0.0	0.0	0.0	0.00977187833511	0.0
k__Fungi;p__Ascomycota;c__Sordariomycetes;o__Hypocreales;f__Clavicipitaceae	0.0409475859259	0.0303618825662	0.0463153430177	0.0	0.00518894343228	0.0	0.0	0.00711305007587	0.0	0.00968503296167	0.0	0.0	0.0164787312065	0.0	0.00472541507024	0.0130581297388	0.00776377752323	0.0	0.0	0.0	0.0	0.00584495652313	0.0	0.0128247986628
k__Fungi;p__Ascomycota;c__Sordariomycetes;o__Hypocreales;f__Cordycipitaceae	0.0	0.0	0.0	0.0	0.0	0.0	0.0147175029633	0.0	0.0	0.0	0.0	0.0	0.0	0.0	0.0	0.0	0.0	0.0	0.0	0.00378893163831	0.0	0.0	0.0	0.0
k__Fungi;p__Ascomycota;c__Sordariomycetes;o__Hypocreales;f__Hypocreaceae	0.00200809056779	0.0014026456054	0.0016329127346	0.00749049985384	0.00533719895892	0.0108022526404	0.0	0.0161545270612	0.0041265041265	0.00427280865956	0.0	0.0276490611617	0.00811331133113	0.00188174705358	0.0165708812261	0.00187933380857	0.0	0.0	0.0	0.00642216598154	0.0180680094468	0.0	0.0118062966916	0.0
k__Fungi;p__Ascomycota;c__Sordariomycetes;o__Hypocreales;f__Incertae_sedis	0.222257792264	0.3126173367	0.188802884106	0.040302543116	0.043241195269	0.0670380984829	0.0539806400632	0.0422673242286	0.01638001638	0.0532269878734	0.0	0.0	0.0	0.0115876002773	0.0258301404853	0.0592314172769	0.0456917398498	0.0	3.79780486879e-05	0.00658308585807	0.0246923062153	0.0	3.33511205977e-05	0.0118826925999
k__Fungi;p__Ascomycota;c__Sordariomycetes;o__Hypocreales;f__Nectriaceae	0.0603300253194	0.0636801104853	0.08221821652	0.046879567378	0.0321385036076	0.00258532577109	0.0194093243777	0.0196004046535	0.001197001197	0.0155041914218	0.0	0.000285494674426	0.0138201320132	0.000618995741309	0.0152937420179	0.0134145551163	0.00738195239913	0.000302072683335	0.0	0.0	0.000230410322382	0.00832706134802	0.0202441302028	0.0
k__Fungi;p__Ascomycota;c__Sordariomycetes;o__Hypocreales;f__Ophiocordycipitaceae	0.0	0.0	0.0	0.0	0.0	0.0	0.0	0.0	0.0	0.0	0.0	0.0	0.0	0.0	0.0101213282248	0.0	0.0	0.0	0.0	0.0	0.0	0.0	0.0	0.0
k__Fungi;p__Ascomycota;c__Sordariomycetes;o__Hypocreales;f__unidentified	0.0	0.00019421246844	0.000169653271127	0.0	0.0	0.0	0.0	0.00325619625695	0.0	0.0	0.0	0.0	0.0	0.0	0.0	0.00045363229862	0.0	0.0	0.0	0.0	0.0	0.0	0.0	0.0
k__Fungi;p__Ascomycota;c__Sordariomycetes;o__Incertae_sedis;f__Glomerellaceae	0.0	0.0	0.0	0.0	0.0	0.0	0.0	0.0	0.0	0.0	0.0	0.0	0.0	0.0	0.0	0.0	0.0	0.0	0.0	0.0	0.0	0.0	0.0	0.0
k__Fungi;p__Ascomycota;c__Sordariomycetes;o__Incertae_sedis;f__Plectosphaerellaceae	0.0	0.0	0.000148446612236	0.0	0.0	0.0	0.0	0.0	0.0	0.0	0.0	0.0	0.0	0.0	0.0	0.0	0.0	0.0	0.0	0.0	0.0	0.0	0.0	0.00796231575748
k__Fungi;p__Ascomycota;c__Sordariomycetes;o__Microascales;f__Microascaceae	0.0	0.0	0.0	0.0	0.0	0.0	0.0	0.0	0.0	0.0	0.0	0.0	0.0	0.0	0.0	0.0	0.0	0.0	0.0	0.00258934710417	0.0	0.0	0.0	0.0
k__Fungi;p__Ascomycota;c__Sordariomycetes;o__Phyllachorales;f__Phyllachoraceae	0.0	0.0	0.0	0.0	0.0	0.0	0.0	0.0	0.0	0.0	0.0	0.0	0.0	0.0	0.0	0.0	0.0	0.0	0.0	0.0	0.0120197384843	0.00858327862027	0.0	0.0
k__Fungi;p__Ascomycota;c__Sordariomycetes;o__Sordariales;f__Cephalothecaceae	0.0	0.000971062342202	0.000127239953345	0.0	0.0	0.0	0.0	0.0	0.0	0.0	0.0	0.0	0.0	0.0	0.0	0.0	0.0	0.0	0.0	0.0	0.0	0.0	0.0	0.0
k__Fungi;p__Ascomycota;c__Sordariomycetes;o__Trichosphaeriales;f__Incertae_sedis	0.00745030703414	0.00738007380074	0.00735871063514	0.0	0.00764339603993	0.0	0.0110628210194	0.0	0.0045045045045	0.0269390412631	0.0	0.0126935324476	0.0	0.0	0.00469348659004	0.0148726589333	0.00963047812991	0.0	3.79780486879e-05	0.0	0.0	1.60135795154e-05	0.0	0.0
k__Fungi;p__Ascomycota;c__Sordariomycetes;o__Xylariales;f__Amphisphaeriaceae	0.0	0.0	0.0	0.0	0.0	0.0	0.0	0.0	0.0	0.0	0.0	0.0	0.0	0.0	0.0	0.0	0.0	0.0	0.0	0.0	0.0	0.0	0.0	0.0
k__Fungi;p__Ascomycota;c__Sordariomycetes;o__Xylariales;f__Hyponectriaceae	0.0	0.0	0.0	0.0	0.0	0.0	0.0	0.0	0.0	0.0	0.0	0.0	0.0	0.0	0.0	0.0	0.0	0.0	0.0	0.0	0.0	0.0	0.00903815368196	0.0
k__Fungi;p__Ascomycota;c__Sordariomycetes;o__Xylariales;f__Xylariaceae	0.0	0.0	0.0	0.0	0.0	0.0	0.0	0.0	0.0	0.0	0.0	0.0	0.0	0.0	0.0	0.0	0.0	0.0	0.00486119023205	0.0	0.0	0.0	0.0	0.0
k__Fungi;p__Ascomycota;c__Sordariomycetes;o__unidentified;f__unidentified	0.0	0.0	0.0	0.0	0.0	0.0	0.0	0.0	0.002268002268	0.0	0.0	0.0	0.0	0.0	0.0	0.0	0.0	0.0	0.0	0.0	0.0	0.0	0.0	0.0
k__Fungi;p__Ascomycota;c__unidentified;o__unidentified;f__unidentified	0.238642647187	0.257547312315	0.283575442689	0.0866705641625	0.108440681317	0.080265346614	0.0632655077045	0.0835230146687	0.0514710514711	0.0776837307724	0.0	0.00386515866916	6.87568756876e-05	0.0647221947113	0.0384099616858	0.0903376320394	0.1193839888	0.0236081420206	3.79780486879e-05	0.0112936495165	0.00625948042472	0.0269188271654	0.0655016008538	0.0025528035253
k__Fungi;p__Basidiomycota;c__Agaricomycetes;o__Agaricales;f__Agaricaceae	0.0	0.0	0.0	0.0	0.0	0.0	0.0	0.0	0.0	0.00447627573859	0.0	0.0	0.0	0.0	0.0	0.0	0.0	0.0	0.0	0.0	0.0	0.0	0.0	0.0
k__Fungi;p__Basidiomycota;c__Agaricomycetes;o__Agaricales;f__Amanitaceae	0.0	0.0	0.0	0.0	0.0	0.0	0.0	0.00897824987355	0.0	0.0	0.0	0.0	0.0	0.0	0.0	0.0	0.0	0.0	0.0	0.0	0.0	0.0	0.0	0.0
k__Fungi;p__Basidiomycota;c__Agaricomycetes;o__Agaricales;f__Bolbitiaceae	0.0	0.000604216568481	0.000360513201145	0.0	0.0	0.0	0.0	0.0	0.0	0.000366240742248	0.0	0.0	0.0	0.0160443696147	0.0	3.24023070443e-05	0.0	0.00248629054745	0.00413960730698	0.0251035007388	0.0	0.0	0.0115728388474	0.0
k__Fungi;p__Basidiomycota;c__Agaricomycetes;o__Agaricales;f__Cortinariaceae	0.000203719332965	0.0	0.0	3.65390236773e-05	0.00894475010707	0.00487003226647	0.00197550375346	0.00214972180071	0.000756000756001	0.0146089362741	0.00142293775664	0.0447128582409	0.0125595892923	0.00309497870655	0.00539591315453	0.0516816797356	0.00220610071698	0.0	0.00922866583115	0.0226604444314	0.016339932029	1.60135795154e-05	0.0120731056564	0.00738489591248
k__Fungi;p__Basidiomycota;c__Agaricomycetes;o__Agaricales;f__Entolomataceae	0.0	0.0	0.0	0.0	0.0	0.0	0.0	0.0	0.0	0.00585985187597	0.00853762653982	0.0	0.0	0.0	0.00450191570881	0.0	8.48500275763e-05	0.00615763546798	0.0	0.0	0.0	0.0170704757634	0.0	0.0
k__Fungi;p__Basidiomycota;c__Agaricomycetes;o__Agaricales;f__Marasmiaceae	0.0	0.0	0.0	0.0	0.00650677033572	0.0364951800709	0.0138285262742	0.0101479514416	0.0034335034335	0.0	0.0	0.0420336005271	0.0	0.0	0.0	0.0	0.0	0.0	0.0	0.0	0.0104068662276	0.0386567809502	0.0	0.00966418477435
k__Fungi;p__Basidiomycota;c__Agaricomycetes;o__Agaricales;f__Mycenaceae	0.0	0.0	0.0	0.0	0.0	0.0	0.0	0.0	0.0	0.0	0.0	0.0	0.0	0.0	0.0	0.0	0.0	0.0	0.0	0.0	0.0	0.0	0.0	0.0
k__Fungi;p__Basidiomycota;c__Agaricomycetes;o__Agaricales;f__Psathyrellaceae	0.0	0.0	0.0	0.0	0.0	0.0	0.0	0.0	0.0	0.0	0.0	0.0	0.0	0.0	0.0	0.0	0.0	0.0	0.0	0.0	0.0	0.0	0.0	0.0
k__Fungi;p__Basidiomycota;c__Agaricomycetes;o__Agaricales;f__Schizophyllaceae	0.0	0.0	0.000212066588909	0.0	0.0	0.00809667915907	0.0	0.0	0.0	0.0	0.0	0.0	0.0	0.0	0.0	0.0	0.000127275041364	0.0	0.0	0.0	0.0	0.0	0.0	0.00130679228081
k__Fungi;p__Basidiomycota;c__Agaricomycetes;o__Agaricales;f__Strophariaceae	0.0	0.0	0.0	0.0	0.0	0.0	0.0	0.0	0.0	0.0	0.0	0.0155045569342	0.0	0.0	0.0	0.0	0.0	0.0	0.0	0.0	0.0	0.0	0.0	0.0
k__Fungi;p__Basidiomycota;c__Agaricomycetes;o__Agaricales;f__Tricholomataceae	0.0	0.0	0.0	0.0	0.0	0.0	0.0	0.0	0.00519750519751	0.0216082037926	0.0	0.0	0.0105427209388	0.0	0.0	0.0	0.0	0.0	0.00634233413087	0.0	0.00754593805803	0.0	0.0	0.0
k__Fungi;p__Basidiomycota;c__Agaricomycetes;o__Atheliales;f__Atheliaceae	0.0	0.0	0.0	0.0	0.0	0.0	0.0	0.0	0.0038115038115	0.0103768210304	0.0572427531813	0.0	0.0	0.0	0.0	0.00106927613246	0.0	0.00285807231155	0.0161026926437	0.0	0.0454100343695	0.0	0.0	0.0
k__Fungi;p__Basidiomycota;c__Agaricomycetes;o__Boletales;f__Boletaceae	0.0	0.0	0.000402926518927	0.0	0.00255328962541	0.0	0.0	0.0	0.0	0.0	0.0	0.0	0.0	0.0	0.0	0.0	0.0	0.0	0.0	0.0	0.0	0.000544461703525	0.0	0.0
k__Fungi;p__Basidiomycota;c__Agaricomycetes;o__Boletales;f__Coniophoraceae	0.0	0.0	0.0	0.0	0.0	0.0	0.0	0.0	0.0	0.0	0.0	0.0	0.0	0.0	0.0	0.0	0.00377582622714	0.0	0.0	0.0	0.0	0.0	0.0	0.0
k__Fungi;p__Basidiomycota;c__Agaricomycetes;o__Boletales;f__Gyroporaceae	0.000611157998894	0.000668954057962	0.0	0.0	0.0	0.0	0.0	0.00878856853819	0.0	0.0	0.0	0.0	0.0	0.0	0.0	0.0	0.0	0.0	0.0	0.0	0.0	0.0	0.0	0.0
k__Fungi;p__Basidiomycota;c__Agaricomycetes;o__Boletales;f__Paxillaceae	0.0	0.0	0.0	0.0	0.0	0.0	0.0	0.0	0.0	0.0	0.0	0.0	0.0	0.0	0.00108556832695	0.0113084051584	0.00369097619957	0.0	0.0	0.0	0.0	0.0	0.00637006403415	0.0
k__Fungi;p__Basidiomycota;c__Agaricomycetes;o__Cantharellales;f__Ceratobasidiaceae	0.0	0.0	0.0	0.0	0.0	0.0	0.0	0.0	0.0	0.00451696915439	0.0	0.0	0.0	0.0	0.0	0.0	0.0165033303636	0.0	0.0	0.0	0.0	0.0	0.0	0.0
k__Fungi;p__Basidiomycota;c__Agaricomycetes;o__Corticiales;f__Corticiaceae	0.0	0.0	0.0	0.0	0.0	0.0	0.0	0.0	0.0	0.0	0.0	0.0	0.0	0.0	0.0	0.0	0.0	0.00369458128079	0.0	0.0	0.0	0.0	0.0	0.0
k__Fungi;p__Basidiomycota;c__Agaricomycetes;o__Hymenochaetales;f__Hymenochaetaceae	0.0	0.0	0.0	0.0	0.0	0.0	0.0	0.0	0.0	0.0	0.0	0.0	0.0	0.0	0.0	0.0	0.0	0.0	0.0	0.0	0.0	0.0	0.0	0.0
k__Fungi;p__Basidiomycota;c__Agaricomycetes;o__Hymenochaetales;f__Schizoporaceae	0.0013387270452	0.000237370794761	0.0	0.00467699503069	0.0	0.00651341764034	4.93875938364e-05	0.0	0.0041895041895	0.0583950516806	0.0150018294914	0.0276271000329	2.29189585625e-05	2.47598296524e-05	0.0127713920817	0.00191173611561	0.00814560264732	0.000395018124361	0.0462192852531	0.0537033515222	0.0	0.0	0.0	0.0
k__Fungi;p__Basidiomycota;c__Agaricomycetes;o__Incertae_sedis;f__Incertae_sedis	0.0	0.0	0.0	0.0	0.0	0.0	0.0	0.0	0.0	0.0	0.0	0.00382123641155	0.0	0.0	0.0022349936143	0.0	0.0	0.0	0.0	0.0	0.0	0.0	0.00210112059765	0.0
k__Fungi;p__Basidiomycota;c__Agaricomycetes;o__Polyporales;f__Fomitopsidaceae	0.0	0.0	0.000318099883363	0.0	0.0	0.0	0.0804523903595	0.0210546282246	0.0	0.0	0.00711468878318	0.0	0.0	0.0440477369516	0.0	3.24023070443e-05	0.0162487802809	0.0	0.129695036269	0.0514797314101	0.0857510416467	0.0173106794562	0.00380202774813	0.0237046041635
k__Fungi;p__Basidiomycota;c__Agaricomycetes;o__Polyporales;f__Hapalopilaceae	0.0	0.0	0.0	0.0	0.0	0.0	0.0	0.0	0.0	0.0	0.0	0.0	0.0	0.0	0.0	0.00498995528482	0.00975775317127	0.0	0.0	0.0	0.0	0.0	0.0	0.0
k__Fungi;p__Basidiomycota;c__Agaricomycetes;o__Polyporales;f__Hyphodermataceae	0.0	0.0	0.0	0.0	0.0	0.0	0.0	0.0	0.0	0.0	0.0	0.0	0.0	0.0	0.0	0.000907264597239	0.0	0.0	0.0	0.0	0.0	0.0	0.0	0.0
k__Fungi;p__Basidiomycota;c__Agaricomycetes;o__Polyporales;f__Meripilaceae	0.0	0.000431583263201	0.0	0.0	0.0	0.0	0.0	0.0	0.0	0.0	0.0	0.0	0.0	0.0	0.0	0.0	0.0	0.0	0.0	0.0	0.0052610356944	0.0	0.0	0.0
k__Fungi;p__Basidiomycota;c__Agaricomycetes;o__Polyporales;f__Meruliaceae	0.0	0.00120843313696	0.0	0.0	0.0	0.0	0.0	0.0	0.0	0.0	0.0	0.0	0.0	0.0	0.0	0.0	0.0	0.0	0.0	0.0	0.0	0.0	0.0	0.0
k__Fungi;p__Basidiomycota;c__Agaricomycetes;o__Polyporales;f__Phanerochaetaceae	0.0	0.0	0.0	0.0	0.0	0.0	0.0	0.0	0.0	0.0	0.0	0.0	0.0	0.0	0.0	0.0	0.0	0.0	0.0	0.0	0.0	0.000896760452864	0.0	0.0
k__Fungi;p__Basidiomycota;c__Agaricomycetes;o__Polyporales;f__Polyporaceae	0.00014551380926	0.0	0.000254479906691	0.0	0.0	0.0249313585987	0.0	0.0	0.0	0.0	0.0	2.1961128802e-05	0.018862302897	0.0	0.00893997445722	0.0	0.0	0.111046565666	0.00319015608978	0.0	0.0	0.0	0.0	0.0
k__Fungi;p__Basidiomycota;c__Agaricomycetes;o__Polyporales;f__Sistotremataceae	0.0	0.0	0.000212066588909	0.0	0.0	0.0	0.0	0.0	0.0	0.0	0.0	0.0118150872955	0.0	0.0062394770724	0.0	0.0	0.00568495184761	0.0	0.0	0.0	0.0	0.0	0.0	0.0
k__Fungi;p__Basidiomycota;c__Agaricomycetes;o__Polyporales;f__Steccherinaceae	0.0	0.0	0.000381719860036	0.0	0.0	0.0	0.0	0.0	0.0	0.00927809880361	0.0	0.0	0.0	0.0	0.0	0.0	0.00691527724747	0.0	0.0	0.00435946574601	0.0	0.0	0.0	0.00872207871144
k__Fungi;p__Basidiomycota;c__Agaricomycetes;o__Polyporales;f__Xenasmataceae	0.0	0.0	0.0	0.0	0.0	0.0	0.0	0.0111595852301	0.0	0.0	0.0	0.0	0.0	0.0	0.0	0.0	0.0	0.0	0.0	0.0	0.0	0.0	0.0	0.0
k__Fungi;p__Basidiomycota;c__Agaricomycetes;o__Polyporales;f__unidentified	0.000349233142225	0.00233054962129	0.00409288516594	0.0	0.0	0.0	4.93875938364e-05	0.0	0.0	0.0	0.0	0.0	0.0553951228456	2.47598296524e-05	0.0044380587484	0.0	0.00840015273005	0.0166604703039	0.00740571949413	0.0189592872712	0.0471573126476	6.40543180617e-05	0.00593649946638	0.00626044674062
k__Fungi;p__Basidiomycota;c__Agaricomycetes;o__Russulales;f__Echinodontiaceae	0.0	0.0	0.0	0.0	0.0	0.0	0.0	0.0	0.0	0.0	0.0	0.0	0.0	0.0	0.0	0.0	0.0	0.0	0.0	0.0	0.0	0.0	0.0	0.0
k__Fungi;p__Basidiomycota;c__Agaricomycetes;o__Russulales;f__Russulaceae	0.00104769942668	0.00101422066852	0.00095429965009	0.00226541946799	0.0262247553784	0.0157524500471	0.0200513630976	0.0304122407688	0.00859950859951	0.00651094652885	0.0153677277717	0.0329856154606	0.00909882654932	0.00126275131227	0.00830140485313	0.0133821528093	0.00309702600653	0.0118040710103	0.0140518780145	0.00819228462337	0.00816036558438	0.0113216007174	0.0267809498399	0.0546725421668
k__Fungi;p__Basidiomycota;c__Agaricomycetes;o__Russulales;f__unidentified	0.0	0.0	0.0	0.0	0.0	0.0	0.0	0.0	0.0	0.00769105558721	0.0	0.0	0.0	0.0	0.0	0.0	0.0	0.0	0.0	0.0	0.0	0.0	0.0	0.0
k__Fungi;p__Basidiomycota;c__Agaricomycetes;o__Sebacinales;f__Serendipitaceae	0.0	0.0	0.0	0.0	0.0	0.0	0.0	0.0	0.0	0.0	0.0	0.0	0.0	0.0	0.0	0.0	0.0	0.0	0.0	0.0	0.0	0.0	0.0	0.0101200425467
k__Fungi;p__Basidiomycota;c__Agaricomycetes;o__Sebacinales;f__unidentified	0.0	0.0	0.0	0.0	0.0	0.0	0.0112603713947	0.0	0.0	0.0	0.0	0.0	0.0	0.0	0.0	0.0	0.0	0.0	0.0	0.0	0.0	0.0	0.0	0.0
k__Fungi;p__Basidiomycota;c__Agaricomycetes;o__Thelephorales;f__Thelephoraceae	0.00285207066151	0.000539479079001	0.00402926518927	0.0335062847121	0.0684611076335	0.0119446058881	0.0515112603714	0.0581373292868	0.00768600768601	0.0390656791731	0.0113021913241	0.0818710881739	0.0630500550055	0.0448400515004	0.0230204342273	0.0376838830925	0.0272792838658	0.0290919230412	0.0447001633056	0.0528694939801	0.114993951729	0.0366390699313	0.0539287620064	0.0872815681507
k__Fungi;p__Basidiomycota;c__Agaricomycetes;o__unidentified;f__unidentified	0.0	0.000323687447401	0.000106033294454	0.0	0.0155997759694	8.01651401888e-05	0.0423745555117	0.00433105715731	3.15000315e-05	0.00480182306503	0.00304915233565	0.0268584605249	0.00987807114045	0.00042091710409	0.0	0.0	0.00309702600653	0.0	3.79780486879e-05	0.0	0.0	0.00613320095441	0.00820437566702	0.00309983285215
k__Fungi;p__Basidiomycota;c__Cystobasidiomycetes;o__Cystobasidiales;f__Cystobasidiaceae	0.00104769942668	8.63166526402e-05	0.0	0.0	0.0	0.0	0.0	0.0	0.0	0.0	0.0	0.0	0.0	0.0	0.0	0.00275419609876	4.24250137881e-05	0.0	0.0	0.0	0.0	0.0	0.0	0.000881325026592
k__Fungi;p__Basidiomycota;c__Exobasidiomycetes;o__Entylomatales;f__Entylomataceae	0.0	0.000366845773721	0.0	0.0	0.0	0.0	0.0	0.0	0.0	0.0	0.0	0.0	0.0	0.0	0.0	0.0	0.0	0.0	0.0	0.0	0.0	0.0	0.0	0.0166843944689
k__Fungi;p__Basidiomycota;c__Exobasidiomycetes;o__Entylomatales;f__unidentified	0.0	0.00192054552124	0.000296893224472	0.0	0.020245115804	0.0	0.0	0.0	0.0	0.0	0.0	0.0	0.0	0.0	0.0	0.0	0.0	0.0	0.0	0.0	0.0	0.0	0.0	0.0
k__Fungi;p__Basidiomycota;c__Exobasidiomycetes;o__Incertae_sedis;f__Incertae_sedis	0.0	0.000323687447401	0.000848266355636	0.0	0.0	0.0	0.00400039510075	0.0	0.0002205002205	0.0	0.0	0.0	0.0	0.030058433198	0.0	0.00320782839738	0.0	0.00571614462311	0.000455736584254	0.0	0.0	0.0	0.0	0.0
k__Fungi;p__Basidiomycota;c__Incertae_sedis;o__Malasseziales;f__Incertae_sedis	0.00113500771223	8.63166526402e-05	0.000572579790054	0.0154194679918	0.000345929562152	0.0112231196264	0.000296325563019	0.00116970156803	0.015498015498	0.00785382925043	0.000569175102655	0.000197650159218	0.018128896223	0.0265425373873	0.000383141762452	0.0101419221049	0.000466675151669	0.0105493075565	0.0053169268163	0.0298579516363	0.000864038708934	0.000608516021586	0.00883804695838	0.000395076736058
k__Fungi;p__Basidiomycota;c__Microbotryomycetes;o__Sporidiobolales;f__Incertae_sedis	0.0027938651378	0.00248160376341	0.00460184497932	0.0	0.00858234770863	0.0	0.0	0.0	0.0	0.0	0.0	6.58833864061e-05	0.0118032636597	0.0297860750718	0.00893997445722	0.0	0.00377582622714	0.0	0.0	0.0	0.0	0.0	0.0	0.0
k__Fungi;p__Basidiomycota;c__Pucciniomycetes;o__Pucciniales;f__Pucciniaceae	0.000669363522598	0.0	0.0	0.0	0.0	0.0	0.0	0.0	0.0	0.0	0.0	0.0	0.0	0.0	0.0	0.0	0.0	0.0	0.0	0.0	0.0	0.0	0.0	0.0
k__Fungi;p__Basidiomycota;c__Tremellomycetes;o__Filobasidiales;f__Filobasidiaceae	0.0	8.63166526402e-05	0.00108153960344	0.0	0.0	0.0	0.0	0.0	0.0	0.0	0.0	0.0	0.0	0.0	0.0	0.0	0.0	0.0	0.0	0.0	0.0	0.0	0.00393543223052	0.0
k__Fungi;p__Basidiomycota;c__Tremellomycetes;o__Tremellales;f__Cuniculitremaceae	0.000291027618521	0.0	0.0	0.0	0.0	0.0	0.0	0.0	0.0	0.0	0.0	0.0	0.0	0.0	0.0	0.0	0.0	0.0	0.0	0.0	0.0	0.0	0.0	0.0
k__Fungi;p__Basidiomycota;c__Tremellomycetes;o__Tremellales;f__Exidiaceae	0.0	0.0	0.0	0.0	0.0	0.0	0.0	0.0	0.0	0.0	0.0	0.0	0.0	0.0	0.0	0.0	0.0	0.0	0.0	0.0	0.0	0.0	0.00176760939168	0.0
k__Fungi;p__Basidiomycota;c__Tremellomycetes;o__Tremellales;f__Incertae_sedis	0.0	0.00196370384756	0.000805853037854	0.0	0.0	2.00412850472e-05	4.93875938364e-05	0.0419511886697	0.018459018459	0.0	0.0	0.0	0.0	0.0	0.0	0.0	0.0	0.0	0.0	0.0	0.0	0.0	0.0	0.0501139644431
k__Fungi;p__Basidiomycota;c__Tremellomycetes;o__Tremellales;f__Tremellaceae	0.000465644189634	0.000302108284241	0.0	0.0	0.0	0.0	0.0	0.0	0.0	0.0	0.0	0.0	0.0	0.0	0.0	0.0	0.0	0.0	0.0	0.0	0.0	0.0	0.0	0.0
k__Fungi;p__Basidiomycota;c__Tremellomycetes;o__Tremellales;f__Trichosporonaceae	0.0	0.0	0.0	0.0	0.0	0.0	0.0	0.0	0.0	4.06934158053e-05	0.0	0.0	0.00955720572057	0.0	0.0	0.0	0.0	0.0	0.0	0.0	0.0	0.0	0.0	0.0
k__Fungi;p__Basidiomycota;c__Tremellomycetes;o__Tremellales;f__unidentified	0.0	0.0	0.0	0.0	0.0	0.0	0.0	0.00714466363177	0.0	0.00655163994466	0.0	0.0	0.0	0.0	0.0	0.0246257533536	0.0	0.0	0.0	0.0	0.0	0.0	0.0132070437567	0.0
k__Fungi;p__Basidiomycota;c__Ustilaginomycetes;o__Urocystidales;f__Floromycetaceae	0.0	0.0	0.0	0.0	0.0	0.0	0.0	0.0	0.0	0.0	0.0	0.0	0.0	0.0	0.0	0.0	0.0	0.0	0.00391173901485	0.0	0.0	0.0	0.0	0.0
k__Fungi;p__Basidiomycota;c__Ustilaginomycetes;o__Ustilaginales;f__Ustilaginaceae	0.0187421786328	0.00854534861138	0.0291167426572	3.65390236773e-05	0.0	0.0	0.000938364282892	0.0	0.0	0.00109872222674	0.0089035248201	0.0	0.0	0.0	0.00545977011494	0.00317542609034	0.0	0.0	0.0	0.014146320055	0.0	0.0	0.0	0.0
k__Fungi;p__Basidiomycota;c__Ustilaginomycetes;o__unidentified;f__unidentified	0.0	0.0	0.00108153960344	0.0	0.0	0.0	0.0	0.0	0.0	0.0	0.0	0.0	0.0	0.0	0.0	0.0	0.0	0.0	0.0	0.0	0.0	0.0	0.0	0.0
k__Fungi;p__Basidiomycota;c__unidentified;o__unidentified;f__unidentified	0.0118448240738	0.0100343108694	0.0106245361043	0.230743934522	0.122541429183	0.0876405395114	0.0640557092058	0.0718576125443	0.0281925281925	0.0477740701554	0.0697646054397	0.0610519380696	0.180463879721	0.181761909478	0.0719029374202	0.032175490895	0.0703406728607	0.0151733432475	0.0277239755421	0.0716239741358	0.122616693228	0.408890739347	0.185999199573	0.150919313174
k__Fungi;p__Glomeromycota;c__Glomeromycetes;o__Glomerales;f__Glomeraceae	0.0	0.0	0.0	0.0	0.0	0.0	0.0	0.0	0.0	0.0235614877513	0.0	0.0	0.0	0.0	0.0	0.0	0.0	0.0	0.0	0.0	0.0	0.0	0.0	0.0
k__Fungi;p__Glomeromycota;c__Glomeromycetes;o__Paraglomerales;f__unidentified	0.0	0.0	0.0	0.0	0.0	0.0	0.0	0.00034774911482	0.004473004473	0.0	0.0	0.0	0.0	0.0	0.0	0.00262458687059	0.000975775317127	0.0	0.0	0.0	0.0	0.0	0.0	0.0
k__Fungi;p__Glomeromycota;c__unidentified;o__unidentified;f__unidentified	0.0	0.0	0.0	0.0	0.0	0.0	0.0	0.0	0.0	0.0	0.0	0.0	0.0	0.0	0.0	0.000583241526797	0.0	0.0	0.0	0.0	0.0	0.0	0.0	0.0
k__Fungi;p__Zygomycota;c__Incertae_sedis;o__Mortierellales;f__Mortierellaceae	0.0	0.0	0.0	0.0	0.0	0.0	0.0	0.0196952453212	0.0	4.06934158053e-05	0.0	0.0	0.0	0.0	0.0	0.0	0.0	0.0	0.0	0.0	0.0	0.0	0.0	0.0
k__Fungi;p__Zygomycota;c__Incertae_sedis;o__Mucorales;f__Mucoraceae	5.82055237042e-05	0.00017263330528	0.000127239953345	0.0	0.000197674035515	0.0	0.0	0.0	0.0	0.0	0.0	0.0	0.0	0.000173318807567	0.00140485312899	0.0	0.0	0.0	0.0	0.0	0.0	0.0	0.0	0.0
k__Fungi;p__unidentified;c__unidentified;o__unidentified;f__unidentified	0.234655568813	0.162426361106	0.231597921747	0.348436129787	0.333920864494	0.452872918212	0.328723824575	0.432757966616	0.213160713161	0.291568324245	0.57222425499	0.368332052267	0.381463146315	0.432975141131	0.505651340996	0.243049705139	0.383225149548	0.662189794591	0.524248984087	0.513041824539	0.426067087806	0.28585840793	0.439234258271	0.312232183559