# Constructed from biom file
#OTU ID	146	147	148	172	173	181	182	183	186	187	188	191	192	193	196	198	201	202	203	206
No blast hit;Other;Other;Other;Other	7.1466857245e-05	0.0	5.09822581742e-05	0.0	2.49931268901e-05	8.68206285814e-05	0.0	0.0	0.000270259032888	0.0	0.0	0.0	0.0	0.0	0.0	0.0	0.0	0.00494492240894	0.0	0.0
k__Fungi;p__Ascomycota;c__Archaeorhizomycetes;o__Archaeorhizomycetales;f__Archaeorhizomycetaceae	0.0	0.000121853142593	0.0	0.00112028445484	0.0	0.0	0.0	0.0	0.000415783127521	0.000542888165038	0.0	0.00967654006905	0.0	0.00907959288277	0.0	0.000434898969624	0.000129349372656	0.000281418348476	0.0	0.00486791516805
k__Fungi;p__Ascomycota;c__Dothideomycetes;o__Botryosphaeriales;f__Botryosphaeriaceae	8.93335715562e-05	0.0	0.0	0.00053578821753	0.0	0.0	0.000126037180968	0.0	0.0	0.0	0.0	0.0	0.00219576628813	0.0	0.0	0.0	0.0	0.0	0.0	0.0075034106412
k__Fungi;p__Ascomycota;c__Dothideomycetes;o__Capnodiales;f__Incertae_sedis	0.0	0.0	0.0	0.0	0.0	0.0	0.0	0.0	0.0	0.0	0.0	0.0	0.0	0.000951892802226	0.0	0.0	0.0	0.0	0.0	0.0
k__Fungi;p__Ascomycota;c__Dothideomycetes;o__Capnodiales;f__Mycosphaerellaceae	0.000911202429873	0.00358248239222	0.00462239140779	0.00199702881079	0.00532353602759	0.00112866817156	0.0011973532192	0.000730602503531	0.0788948484471	0.00123383673872	0.000555669289036	0.0	0.0	0.00307534597642	0.0	0.0	0.0	4.02026212109e-05	2.14201563671e-05	0.0
k__Fungi;p__Ascomycota;c__Dothideomycetes;o__Capnodiales;f__unidentified	0.0	0.0	0.0	0.0	0.0	0.0	0.0	0.0	0.0	0.0	0.0	0.0	0.0	0.0	0.00535820599325	0.0	0.0	0.0	0.0	0.0
k__Fungi;p__Ascomycota;c__Dothideomycetes;o__Dothideales;f__Dothioraceae	3.57334286225e-05	7.31118855555e-05	8.49704302903e-05	0.0	4.99862537802e-05	0.0	0.0	0.00121767083922	0.0	0.0	0.0	0.0	3.4308848252e-05	0.000146445046496	0.0	0.0	0.0	0.0	0.0	0.0
k__Fungi;p__Ascomycota;c__Dothideomycetes;o__Incertae_sedis;f__Myxotrichaceae	0.0	0.0	0.0	0.0	0.0	0.0	0.0	0.0	0.0	0.0	2.92457520545e-05	0.0	0.0	0.0	0.0	3.34537668942e-05	0.0	0.0	0.0	0.000186034974575
k__Fungi;p__Ascomycota;c__Dothideomycetes;o__Pleosporales;f__Arthopyreniaceae	0.0	0.0	0.0	0.0	0.0	0.0	0.000378111542905	0.0	0.0	0.000789655512783	0.0	0.0	0.0	0.0	0.0	0.0	0.0	0.0	0.0	0.0
k__Fungi;p__Ascomycota;c__Dothideomycetes;o__Pleosporales;f__Incertae_sedis	0.0	0.0	0.0	0.0	0.0	0.00136018984777	0.0	0.0	0.000394993971145	0.0	0.0	0.0	0.0	0.0	0.0	0.0	0.0	0.0	0.0	0.0
k__Fungi;p__Ascomycota;c__Dothideomycetes;o__Pleosporales;f__Leptosphaeriaceae	0.0	0.0	0.0	0.0	0.0	0.0	0.0	0.0	0.0	0.000493534695489	0.0	0.0	0.0	0.0	0.0	0.0	0.0	0.0	0.0	0.0
k__Fungi;p__Ascomycota;c__Dothideomycetes;o__Pleosporales;f__Lophiostomataceae	0.0	0.0	0.0	0.0	0.0	0.0	0.0	0.000681895669962	0.000436572283897	0.0	0.0	0.0	0.0	0.0	0.0	0.0	0.0	0.0	0.0	0.0
k__Fungi;p__Ascomycota;c__Dothideomycetes;o__Pleosporales;f__Montagnulaceae	0.0	4.8741257037e-05	0.0	0.0	0.0	0.0	0.00102930364458	0.00170473917491	0.000686042160409	0.000839008982331	0.0	0.0	0.0	0.0	0.0	0.0	0.0	0.0	0.0	0.0
k__Fungi;p__Ascomycota;c__Dothideomycetes;o__Pleosporales;f__Phaeosphaeriaceae	0.0	9.7482514074e-05	0.000849704302903	0.0	0.000649821299143	0.0	0.0	0.0	0.000291048189264	0.00044418122594	0.0	0.0	0.0	0.0	0.0	0.0	0.0	0.0	0.0	0.0
k__Fungi;p__Ascomycota;c__Dothideomycetes;o__Pleosporales;f__Pleosporaceae	0.000303734143291	0.00177905588185	0.00156345591734	0.00311731326563	0.00132463572518	0.00118654859061	0.000273080558765	0.0	0.00293127104902	0.00281314776429	0.00143304185067	0.0121751771761	0.0	0.00278245588343	0.0	0.0	0.0068986332083	0.033368175605	0.00629752597194	0.00217040803671
k__Fungi;p__Ascomycota;c__Dothideomycetes;o__Pleosporales;f__Venturiaceae	0.0	0.0	0.0	0.0	0.0	0.0	0.0	0.0	0.0	0.0	0.0	0.000136289296747	0.0	0.0	0.0	0.0	0.0	0.0	2.14201563671e-05	0.0
k__Fungi;p__Ascomycota;c__Dothideomycetes;o__Pleosporales;f__unidentified	0.000339467571914	0.00134038456852	0.00691659302563	0.000438372177979	0.00172452575542	0.00801643803901	0.00241571263523	0.00584482002825	0.00245312045237	0.00414569144211	0.00295382095751	0.00295293476286	0.0	0.0	0.00297678110736	0.0	0.00978743586427	0.00104526815148	0.00492663596444	0.00418578692794
k__Fungi;p__Ascomycota;c__Dothideomycetes;o__unidentified;f__unidentified	0.00609254958013	0.0215436356104	0.0464618312827	0.0	0.0027742370848	0.0027782601146	0.005986766096	0.0	0.00422019874433	0.00167801796466	0.0041821425438	0.0015446120298	0.0	0.00333162480779	2.83502962606e-05	0.000301083902047	0.00547579010908	0.00241215727265	0.00644746706651	0.0
k__Fungi;p__Ascomycota;c__Eurotiomycetes;o__Chaetothyriales;f__Chaetothyriaceae	0.0	9.7482514074e-05	0.0	0.0	0.0	0.00115760838108	2.10061968281e-05	0.0	8.31566255041e-05	0.0	0.0	0.0	0.0	0.0	0.0	0.0	0.0	0.0	0.0	0.0
k__Fungi;p__Ascomycota;c__Eurotiomycetes;o__Chaetothyriales;f__Herpotrichiellaceae	0.0	0.0	0.000305893549045	0.0	0.0	0.0	0.0	0.0	0.000311837345641	0.0	0.0	0.0	0.0	0.0	0.0	0.0	0.0	0.0	0.00141373032023	0.0
k__Fungi;p__Ascomycota;c__Eurotiomycetes;o__Chaetothyriales;f__Incertae_sedis	0.0	0.0	0.000203929032697	0.0	0.0	0.0	0.0	0.0	0.0	0.0	0.0	0.0	0.0	0.0	0.0	0.0	0.0	0.0	0.0	0.0
k__Fungi;p__Ascomycota;c__Eurotiomycetes;o__Chaetothyriales;f__unidentified	0.0	0.0	0.0	0.0	0.0	0.0	0.0	0.0	4.15783127521e-05	0.0	0.0	0.0	0.0	0.0	0.0	0.0	0.0	0.0	0.0	0.0
k__Fungi;p__Ascomycota;c__Eurotiomycetes;o__Eurotiales;f__Trichocomaceae	1.78667143112e-05	0.00124290205444	0.00266807151111	0.00124205450427	0.00164954637475	0.00564334085779	0.00384413401954	0.00910817787736	0.00704752401148	0.00167801796466	0.00201795689176	0.00436125749591	0.0	0.00139122794171	0.00445099651291	0.00588786297337	0.00137972664166	0.00253276513629	0.00128520938203	0.0136115589731
k__Fungi;p__Ascomycota;c__Eurotiomycetes;o__Incertae_sedis;f__Monascaceae	0.0	0.0	0.0	0.0	0.0	0.0	0.0	0.0	0.000374204814769	0.0	0.0	0.0	0.0	0.0	0.0	0.0	0.0	0.0	0.0	0.0
k__Fungi;p__Ascomycota;c__Incertae_sedis;o__Incertae_sedis;f__Incertae_sedis	0.0	4.8741257037e-05	8.49704302903e-05	0.0	0.0	0.0	0.0	0.0	0.0	0.0	0.0	0.0	0.0	0.0	0.0	0.0	0.0	0.0	0.0	0.0
k__Fungi;p__Ascomycota;c__Lecanoromycetes;o__Pertusariales;f__Icmadophilaceae	0.0	4.8741257037e-05	0.0	0.0	0.0	0.0	0.0	0.0	0.0	4.93534695489e-05	0.0	0.0	0.0	0.0	0.0	0.0	0.00840770922261	0.0	0.0	0.0
k__Fungi;p__Ascomycota;c__Leotiomycetes;o__Erysiphales;f__Erysiphaceae	0.0	0.0	0.0	0.0	0.0	0.0	0.0	0.0	0.0	0.0	0.0	0.0	0.00620990153361	0.0	0.0	0.0	0.0	0.0	0.0	0.0
k__Fungi;p__Ascomycota;c__Leotiomycetes;o__Helotiales;f__Dermateaceae	0.0	0.0	0.0	0.0	0.0	0.0	8.40247873123e-05	0.0	0.0	0.000296120817293	0.0	0.0	0.00524925378255	0.00754191989456	0.0	0.0	0.0	0.0	0.00014994109457	0.0
k__Fungi;p__Ascomycota;c__Leotiomycetes;o__Helotiales;f__Helotiaceae	0.000232267286046	0.000268076913704	0.000543810753858	0.0	0.00407387968309	0.0013891300573	0.00182753912404	0.00603964736252	0.00340942164567	0.000987069390978	0.00102360132191	0.0101308377249	0.00641575462312	0.00885992531303	0.0404275224676	0.0121437173826	0.0117707929117	0.00944761598456	0.0159580164935	0.0
k__Fungi;p__Ascomycota;c__Leotiomycetes;o__Helotiales;f__Incertae_sedis	0.0	0.0	0.0	0.00204573683057	0.000724800679813	0.0	0.0	0.000146120500706	0.0	4.93534695489e-05	0.00166700786711	0.0	0.0	0.0	5.67005925212e-05	0.0	0.0010779114388	0.0	0.0	0.0
k__Fungi;p__Ascomycota;c__Leotiomycetes;o__Helotiales;f__Vibrisseaceae	0.0	0.0	0.0	0.0	0.000424883157132	0.0	0.0	0.0	0.0	0.0	0.0	0.0	0.0	0.0	0.0	0.00137160444266	0.0	0.0	0.0	0.0
k__Fungi;p__Ascomycota;c__Leotiomycetes;o__Helotiales;f__unidentified	5.36001429337e-05	0.0	0.000713751614438	0.0	0.0	0.00179429299068	0.000357105346077	0.00243534167844	0.00010394578188	0.00138189714737	0.000409440528763	0.0	0.00353381136995	0.0172072929633	0.00530150540073	0.0131473303894	0.00879575734058	0.00956822384819	0.0060619042519	0.00551903757906
k__Fungi;p__Ascomycota;c__Leotiomycetes;o__Incertae_sedis;f__Incertae_sedis	0.0	0.0	0.0	0.000121770049439	0.0	0.0	0.0	0.0	0.0	0.000345474286842	0.000994355569853	0.0	0.0	0.0	0.0	0.0	0.0	0.0	0.0	0.0
k__Fungi;p__Ascomycota;c__Leotiomycetes;o__unidentified;f__unidentified	0.0	7.31118855555e-05	0.0	0.0	0.0	0.0	0.0	0.0	0.0	0.0	0.0	0.0	0.0	0.0	0.0	0.0	0.0	0.0	0.0	0.0
k__Fungi;p__Ascomycota;c__Orbiliomycetes;o__Orbiliales;f__unidentified	0.0	0.0	0.0	0.0	0.0	0.0	0.0	0.0	0.0	0.000296120817293	0.0	0.0	0.0	0.0	0.0	0.0	0.0	0.0	0.0	0.0
k__Fungi;p__Ascomycota;c__Pezizomycetes;o__Pezizales;f__Helvellaceae	0.0	0.000146223771111	0.0	0.0	0.0	0.0	0.0	0.0	0.0	0.0	0.0	0.0	0.0	0.0	0.0	0.0	0.0	0.0	0.0	0.0
k__Fungi;p__Ascomycota;c__Saccharomycetes;o__Saccharomycetales;f__Debaryomycetaceae	0.0	0.0	0.0	2.43540098877e-05	0.0	5.78804190542e-05	0.0	0.000146120500706	0.0	4.93534695489e-05	0.0	0.0	0.0	0.0	0.0	0.0	0.0	0.0	0.0	0.0
k__Fungi;p__Ascomycota;c__Saccharomycetes;o__Saccharomycetales;f__Dipodascaceae	0.0	0.0	0.0	0.00384793356226	0.0	0.0	0.00705808213423	0.0	0.0	0.0	0.00397742227941	0.00399781937125	0.0	0.0	0.0	0.0340893884651	0.0	0.00192972581812	0.000835386098319	0.00282153044772
k__Fungi;p__Ascomycota;c__Saccharomycetes;o__Saccharomycetales;f__Eremotheciaceae	0.0	0.0	0.000237917204813	0.0	0.0	0.0	0.0	0.0	0.0	0.0	0.0	0.0	0.0	0.0	0.0	0.0	0.0	0.0	0.0	0.0
k__Fungi;p__Ascomycota;c__Saccharomycetes;o__Saccharomycetales;f__Incertae_sedis	0.00737895301054	0.0388955231155	0.0487050506424	0.411290518984	0.439054260078	0.278057533137	0.252851591219	0.311480200672	0.180657768908	0.299427499753	0.350715058638	0.121751771761	0.0446701204241	0.131544263015	0.10963059564	0.199217181855	0.131893243651	0.155463536223	0.160651172754	0.170253007565
k__Fungi;p__Ascomycota;c__Saccharomycetes;o__Saccharomycetales;f__Metschnikowiaceae	0.0	0.0	0.0	0.0153673802392	0.0	0.0	0.00920071421069	0.0	0.0	0.0	0.0114058433013	0.00772306014901	0.0	0.0	0.0	0.00361300682457	0.0	0.0163222642116	0.00858948270322	0.00604613667369
k__Fungi;p__Ascomycota;c__Saccharomycetes;o__Saccharomycetales;f__Pichiaceae	7.1466857245e-05	0.000779860112592	0.000713751614438	0.00323908331507	0.00154957386719	0.00153383110494	0.00176452053356	0.00448102868832	0.00130971685169	0.00246767347745	0.0019302196356	0.00172633109213	0.0	0.00223328695907	0.000652056813994	0.00150541951024	0.0	0.0022111441666	0.00074970547285	0.000310058290959
k__Fungi;p__Ascomycota;c__Saccharomycetes;o__Saccharomycetales;f__Saccharomycetaceae	0.0	0.0	0.0	0.0	4.99862537802e-05	0.0	0.0	0.000146120500706	2.0789156376e-05	0.000296120817293	0.0	0.0	0.00590112189934	0.0	0.0	0.0	0.0	0.000120607863633	0.0	0.0
k__Fungi;p__Ascomycota;c__Saccharomycetes;o__Saccharomycetales;f__Saccharomycodaceae	1.78667143112e-05	0.000194965028148	0.000254911290871	0.0315140887947	0.0380395391267	0.00856630202003	0.00460035710535	0.0178754079197	0.00328468670741	0.00922909880565	0.0116983008218	0.000999454842813	0.000308779634268	0.00194039686608	0.00425254443909	0.0023083099157	0.00219893933514	0.0014874969848	0.00199207454214	0.00114721567655
k__Fungi;p__Ascomycota;c__Saccharomycetes;o__Saccharomycetales;f__Trichomonascaceae	0.0	0.000731118855555	0.000798722044728	0.0	0.000674814426033	0.000694565028651	0.000273080558765	0.000925429837806	0.00139287347719	0.00167801796466	0.00119907583424	0.0	0.0	0.00344145859266	2.83502962606e-05	0.0	0.0	0.0	0.0	0.00204638472033
k__Fungi;p__Ascomycota;c__Saccharomycetes;o__unidentified;f__unidentified	0.0	0.0	0.0	0.0115438006868	0.0	0.0	0.00892763365193	0.0	0.0	0.0	0.00503026935338	0.00245320734145	0.0	0.0	0.0	0.0017061421116	0.0	0.00289458872719	0.0792117382457	0.0037206994915
k__Fungi;p__Ascomycota;c__Sordariomycetes;o__Coniochaetales;f__unidentified	0.0	0.0	0.0	0.0	0.0	0.0	0.0	0.0	0.0	0.0	0.0	0.0	0.00737640237417	0.0	0.0	0.0	0.0	4.02026212109e-05	0.00214201563671	3.10058290959e-05
k__Fungi;p__Ascomycota;c__Sordariomycetes;o__Diaporthales;f__Gnomoniaceae	0.0	0.0	0.0	0.0	0.0	0.0	0.000336099149249	0.0	0.000166313251008	0.0	0.0	0.0	0.0	0.0	0.0	0.0	0.0	0.0	0.0	0.0
k__Fungi;p__Ascomycota;c__Sordariomycetes;o__Diaporthales;f__Valsaceae	0.0	0.0	0.0	0.0	0.0	0.0	0.000315092952421	0.0	0.000686042160409	0.0	0.0	0.0	0.0	0.0	0.0	0.0	0.0	0.0	0.0	0.0
k__Fungi;p__Ascomycota;c__Sordariomycetes;o__Hypocreales;f__Bionectriaceae	0.0	0.0	0.0	0.0	0.0	0.000144701047636	0.0	0.0	0.0	0.0	0.0	0.0	0.0	0.0	0.0	0.0	0.0	0.0	0.0	0.0
k__Fungi;p__Ascomycota;c__Sordariomycetes;o__Hypocreales;f__Clavicipitaceae	0.000482401286403	0.000243706285185	0.00185235538033	0.0	0.00212441578566	0.000810325866759	0.000168049574625	0.00214310067702	0.00020789156376	0.00103642286053	0.000438686280818	0.00440668726149	0.0	0.0	0.00952569954356	0.00347919175699	0.00534644073643	0.00249256251508	0.0	0.0
k__Fungi;p__Ascomycota;c__Sordariomycetes;o__Hypocreales;f__Cordycipitaceae	0.0	0.0	0.000237917204813	0.0	0.0	0.0	0.0	0.0	0.0	0.0	0.0	0.0	0.0	0.0	0.00555665806708	0.0	0.0	0.0	0.0	0.0
k__Fungi;p__Ascomycota;c__Sordariomycetes;o__Hypocreales;f__Hypocreaceae	0.0	0.0	8.49704302903e-05	0.00187525876136	4.99862537802e-05	0.00101290733345	0.000609179708014	0.000146120500706	0.000561307222153	0.000740302043234	0.000263211768491	0.00445211702708	0.00648437231962	0.000219667569744	0.00473449947552	0.00883179446006	0.00418229638253	0.00816113210581	0.00235621720039	0.00393774029518
k__Fungi;p__Ascomycota;c__Sordariomycetes;o__Hypocreales;f__Incertae_sedis	0.910577094872	0.508809982209	0.326439399089	0.00976595796498	0.012271625303	0.00604850379117	0.00644890242622	0.0163654960791	0.00490624090474	0.0342019543974	0.00763314128623	0.00227148827912	0.0291625210142	0.0	0.000368553851388	0.00508497256791	0.00353554951925	0.000482431454531	0.00738995394666	0.00883666129232
k__Fungi;p__Ascomycota;c__Sordariomycetes;o__Hypocreales;f__Nectriaceae	0.000661068429516	0.00760363609777	0.0137312215349	0.00718443291688	0.0105470995476	0.00558546043873	0.00955781955677	0.126783887779	0.00950064446385	0.00493534695489	0.0150615623081	0.0101762674905	0.0	0.00831075638867	0.0189946984946	0.0139836745618	0.0	8.04052424218e-05	0.0130877155403	0.00573607838274
k__Fungi;p__Ascomycota;c__Sordariomycetes;o__Hypocreales;f__Ophiocordycipitaceae	0.0	0.0	0.0	0.0011933464845	0.0	0.0	0.0	0.0	0.0	0.0	0.0	0.00422496819916	0.0	0.0	0.0	0.0	0.0	0.0	0.0	0.0
k__Fungi;p__Ascomycota;c__Sordariomycetes;o__Hypocreales;f__unidentified	8.93335715562e-05	0.000146223771111	0.000152946774522	2.43540098877e-05	0.00134962885207	0.00118654859061	0.00180653292721	0.000828016170669	0.00099787950605	0.000345474286842	0.000789635305472	0.0	6.86176965039e-05	0.0	0.0	0.0	0.0	0.000120607863633	0.00190639391668	3.10058290959e-05
k__Fungi;p__Ascomycota;c__Sordariomycetes;o__Incertae_sedis;f__Incertae_sedis	0.0	0.0	0.0	0.0	0.0	0.0	0.0	0.000681895669962	0.000291048189264	4.93534695489e-05	0.0	0.0	0.0	0.0	0.00541490658577	0.0	0.0	0.0	0.000192781407304	0.0
k__Fungi;p__Ascomycota;c__Sordariomycetes;o__Incertae_sedis;f__Plectosphaerellaceae	0.0	0.000194965028148	0.000101964516348	0.0	0.000699807552923	0.000781385657232	0.0	0.0	0.00020789156376	0.0	0.0	0.0	0.0	0.0	0.0171519292377	0.0	0.0023282887078	0.0	0.00029988218914	0.0
k__Fungi;p__Ascomycota;c__Sordariomycetes;o__Ophiostomatales;f__Ophiostomataceae	0.0	0.0	0.0	0.0	0.0	0.0	0.0	0.0	0.0	0.0	0.0	0.0	0.0	0.0	0.0	0.00177304964539	0.0	0.0	0.0	0.0
k__Fungi;p__Ascomycota;c__Sordariomycetes;o__Phyllachorales;f__Phyllachoraceae	0.0	4.8741257037e-05	0.000152946774522	0.0	0.0	0.0	0.0	0.0	0.0	0.0	0.0	0.0	0.0	0.0	0.0	0.0	0.0	0.0	0.0	0.0
k__Fungi;p__Ascomycota;c__Sordariomycetes;o__Sordariales;f__Cephalothecaceae	0.0	0.0	0.0	0.0	0.000699807552923	0.0	0.000693204495326	0.00112025717208	0.00652779510207	0.0	0.0	0.0	0.0	0.0	0.0	0.0	0.0	0.0	0.0	0.0
k__Fungi;p__Ascomycota;c__Sordariomycetes;o__Sordariales;f__Lasiosphaeriaceae	0.0	0.0	0.0	0.0	0.0	0.0	0.0	0.0	0.0	0.0	0.0	0.0	0.0	0.0	0.0	0.0017061421116	0.0	0.0	0.0	0.0
k__Fungi;p__Ascomycota;c__Sordariomycetes;o__Sordariales;f__unidentified	0.0	0.0	0.0	0.0	0.0	0.0	0.0	0.0	0.00020789156376	0.0	0.0	0.0	0.0	0.0	0.0	0.0	0.0	0.0	0.0	0.0
k__Fungi;p__Ascomycota;c__Sordariomycetes;o__Trichosphaeriales;f__Incertae_sedis	0.000875469001251	0.015743426023	0.00866698388961	0.00172913470203	0.00249931268901	0.000434103142907	0.00310891713055	0.00180215284204	0.00178786744834	0.00182607837331	0.00426987979996	0.000772306014901	0.0	0.0	0.0	0.00264284758464	0.0	0.0	0.0	0.0
k__Fungi;p__Ascomycota;c__Sordariomycetes;o__Xylariales;f__Amphisphaeriaceae	0.0	4.8741257037e-05	0.0	0.0	0.0	0.0	0.0	0.0	0.000311837345641	0.0	0.0	0.0	0.0	0.0	0.0	0.0	0.00508774199112	0.0	0.0	0.0
k__Fungi;p__Ascomycota;c__Sordariomycetes;o__Xylariales;f__Hyponectriaceae	0.0	0.0	0.0	0.0	0.0	0.000983967123922	0.0	0.0	0.0	0.0	0.0	0.0	0.0	0.0	0.0	0.0	0.0	0.0	0.0	0.0
k__Fungi;p__Ascomycota;c__Sordariomycetes;o__Xylariales;f__Xylariaceae	0.0	0.0	0.0	0.0	0.0	0.0	0.0	0.0	0.0	0.0	0.0	0.000954025077231	0.0	0.0	0.0	0.0	0.0	0.0	0.0	0.0
k__Fungi;p__Ascomycota;c__Sordariomycetes;o__Xylariales;f__unidentified	0.0	0.0	0.0	0.0	0.0	0.0	0.0	0.0	0.0	0.0	0.000204720264382	0.0	0.0	0.0	0.0	0.0	0.0	0.0	0.0	0.0
k__Fungi;p__Ascomycota;c__Sordariomycetes;o__unidentified;f__unidentified	5.36001429337e-05	0.000414300684815	0.00103663924954	0.00109593044495	0.0	0.000318342304798	0.00199558869867	0.0	0.00157997588458	0.00133254367782	0.000789635305472	0.0	0.0	0.0	0.0	0.00411481332798	4.31164575518e-05	0.0	0.0	0.0
k__Fungi;p__Ascomycota;c__unidentified;o__unidentified;f__unidentified	0.00548508129355	0.0424048936222	0.0540072054925	0.0416940649278	0.0260428382195	0.0394455055855	0.0289045268354	0.0418878768691	0.0689992100121	0.0229000098707	0.0392770450092	0.0169453025622	0.021099941675	0.0268726660321	0.0259405210784	0.0530576742941	0.0148751778554	0.033368175605	0.0295598157867	0.0244946049857
k__Fungi;p__Basidiomycota;c__Agaricomycetes;o__Agaricales;f__Bolbitiaceae	0.0	2.43706285185e-05	0.000118958602406	0.0	0.0	0.0	0.0	0.0	0.0	0.000148060408647	0.000526423536981	0.0	0.0	0.00442996265651	0.0	0.0	0.00461346095805	4.02026212109e-05	0.0	0.0
k__Fungi;p__Basidiomycota;c__Agaricomycetes;o__Agaricales;f__Cortinariaceae	0.0	0.0	0.000101964516348	0.0039697036117	0.00174951888231	0.00222839613359	0.0	0.00131508450636	2.0789156376e-05	0.000148060408647	0.000233966016436	0.0	0.0	0.00322179102292	0.0	0.00294393148669	0.00586383822705	0.0	0.00481953518261	0.00700731737567
k__Fungi;p__Basidiomycota;c__Agaricomycetes;o__Agaricales;f__Entolomataceae	0.0	0.0	0.0	0.0	0.0	0.0	0.0	0.0	0.0	0.0	0.0	0.0	0.0	0.0	0.0	0.0	0.0	0.0	0.0	0.0
k__Fungi;p__Basidiomycota;c__Agaricomycetes;o__Agaricales;f__Marasmiaceae	0.0	0.000731118855555	0.000475834409625	0.0	0.0	0.0	0.0	0.00116896400565	0.00124734938256	0.0	0.0	0.0	0.0	0.0	0.0	0.0	0.0	0.00800032162097	0.0	0.0
k__Fungi;p__Basidiomycota;c__Agaricomycetes;o__Agaricales;f__Mycenaceae	0.0	0.0	0.0	0.0	0.0	0.000434103142907	0.0	0.0	0.0	0.0	0.0	0.0	0.0	0.0	0.0	0.0	0.0	0.0	0.0	0.0
k__Fungi;p__Basidiomycota;c__Agaricomycetes;o__Agaricales;f__Psathyrellaceae	0.0	0.0	0.0	0.0	0.0	0.0	0.0	0.0	0.00010394578188	0.0	0.0	0.0	0.0	0.0	0.0	0.0	0.0	0.0	0.0	0.0
k__Fungi;p__Basidiomycota;c__Agaricomycetes;o__Agaricales;f__Strophariaceae	0.0	0.0	0.0	0.0	0.0	0.0	0.000378111542905	0.0	0.0	0.0	0.0	0.0	0.0	0.0	0.0	0.0	0.0	0.0	0.0	0.0
k__Fungi;p__Basidiomycota;c__Agaricomycetes;o__Agaricales;f__Tricholomataceae	0.0	0.0	0.000220923118755	0.0	0.0	0.000115760838108	0.0	0.00141249817349	4.15783127521e-05	0.0	0.0	0.00272578593494	0.0	0.0	0.0	0.0	0.0	0.0	0.0	0.0186655091157
k__Fungi;p__Basidiomycota;c__Agaricomycetes;o__Atheliales;f__Atheliaceae	0.0	0.0	0.0	0.0	0.0	0.0	0.0	0.0	0.000353415658393	0.000592241634587	0.0	0.0	0.0	0.0	0.0231054914524	0.0	0.000388048117967	0.0	0.0116311449074	0.0
k__Fungi;p__Basidiomycota;c__Agaricomycetes;o__Boletales;f__Paxillaceae	0.0	0.0	0.0	0.0	0.0	0.000144701047636	0.0	0.0	0.0	0.000641595104136	0.0	0.0030892240596	0.0	0.0	0.0100927054688	0.0	0.0	0.0	0.0	0.0
k__Fungi;p__Basidiomycota;c__Agaricomycetes;o__Boletales;f__Suillaceae	0.0	0.0	0.0	0.0	0.0	0.0	0.0	0.0	0.0	0.0	0.0	0.0	0.0	0.0	0.0	0.00297738525358	0.0	0.0	0.0	0.0
k__Fungi;p__Basidiomycota;c__Agaricomycetes;o__Cantharellales;f__Ceratobasidiaceae	0.0	0.0	0.0	0.0	0.0	0.0	0.0	0.0	8.31566255041e-05	0.0	0.0	0.0	0.0	0.0	0.0	0.0	0.0	0.0	0.0	0.0
k__Fungi;p__Basidiomycota;c__Agaricomycetes;o__Cantharellales;f__Clavulinaceae	0.0	0.0	0.0	0.00153430262293	0.0	0.0	0.0	0.0	0.0	0.0	0.0	0.0	0.0	0.0	0.0	0.0	0.0	0.0	0.0	0.0
k__Fungi;p__Basidiomycota;c__Agaricomycetes;o__Corticiales;f__Corticiaceae	0.0	0.0	0.000135952688464	0.0	0.0	0.0	0.0	0.0	0.000166313251008	0.0	0.0	0.0	0.0	0.0	0.0	0.0	0.0	0.0	0.0	0.0
k__Fungi;p__Basidiomycota;c__Agaricomycetes;o__Hymenochaetales;f__Hymenochaetaceae	0.0	0.0	0.0	0.0	7.49793806703e-05	0.000115760838108	0.0	0.0	0.0	0.0	0.0	0.0	0.0	0.0	0.0	0.0	0.0	0.0	0.0	0.0
k__Fungi;p__Basidiomycota;c__Agaricomycetes;o__Hymenochaetales;f__Schizoporaceae	0.0	0.0	0.000237917204813	0.0035800394535	0.0	0.0	0.0	0.0	0.000291048189264	0.000493534695489	0.0	0.00268035616936	0.0	0.0	0.0	0.00294393148669	0.0	0.00156790222723	0.0	3.10058290959e-05
k__Fungi;p__Basidiomycota;c__Agaricomycetes;o__Phallales;f__Phallaceae	0.0	0.000146223771111	0.000254911290871	0.0	0.0	0.00167853215257	0.00508349963239	0.00769567970386	0.021724668413	0.00108577633008	0.00476705758489	0.0	0.0	0.0	2.83502962606e-05	0.0	0.0137110335015	0.0122215968481	0.0	0.0
k__Fungi;p__Basidiomycota;c__Agaricomycetes;o__Polyporales;f__Fomitopsidaceae	0.000375201000536	0.0	0.0	0.0	0.0	0.0	0.0	0.0	0.0	0.00152995755602	0.00140379609862	0.0	0.0148214224448	0.0	0.0	0.0	0.0	0.0	2.14201563671e-05	0.00133325065112
k__Fungi;p__Basidiomycota;c__Agaricomycetes;o__Polyporales;f__Hapalopilaceae	0.0	4.8741257037e-05	0.000169940860581	0.0	0.0	0.0	0.000399117739733	0.0	0.0	0.0	0.0	0.0	0.0	0.0	0.0	0.0	0.00875264088303	0.0	0.0	0.0
k__Fungi;p__Basidiomycota;c__Agaricomycetes;o__Polyporales;f__Hyphodermataceae	0.0	0.0	0.0	0.0	0.0	0.0	0.0	0.000584482002825	0.0	0.0	0.0	0.0	0.0	0.0	0.0	0.0	0.0	0.0	0.0	0.0
k__Fungi;p__Basidiomycota;c__Agaricomycetes;o__Polyporales;f__Meripilaceae	0.0	7.31118855555e-05	3.39881721161e-05	0.0	7.49793806703e-05	0.0	0.0	0.0	0.0	0.0	0.0	0.0	0.0	0.0	0.0	0.0	0.00263010391066	0.0	0.0	0.00592211335731
k__Fungi;p__Basidiomycota;c__Agaricomycetes;o__Polyporales;f__Meruliaceae	0.000160800428801	0.0	0.0	0.0	0.0	0.000144701047636	0.0	0.0	0.0	0.0	0.0	0.00422496819916	0.0	0.0	0.0131261871687	0.0	0.0	0.0	0.0	0.0
k__Fungi;p__Basidiomycota;c__Agaricomycetes;o__Polyporales;f__Phanerochaetaceae	0.0	0.0	0.0	0.0	0.0	0.0	0.0	0.0	0.000394993971145	0.0	0.0	0.0	0.0	0.0	0.0	0.0	0.0	0.0	0.0	0.0
k__Fungi;p__Basidiomycota;c__Agaricomycetes;o__Polyporales;f__Polyporaceae	0.0	0.0	0.000169940860581	0.0	0.0	0.0	0.0	0.00730602503531	0.00455282524635	0.000641595104136	0.0	0.00404324913683	0.0	0.0	0.0	0.00187341094607	0.0	0.0	0.0	0.0248666749349
k__Fungi;p__Basidiomycota;c__Agaricomycetes;o__Polyporales;f__Sistotremataceae	0.0	0.0	0.0	0.0	0.000424883157132	0.0	0.000189055771453	0.0	0.0	4.93534695489e-05	0.0	0.0	0.0	0.0	0.0	0.0	0.0	0.0	0.004433972368	0.0
k__Fungi;p__Basidiomycota;c__Agaricomycetes;o__Polyporales;f__Steccherinaceae	0.0	0.0	0.0	0.0	0.000799780060483	0.0	0.0	0.00228922117773	0.000665253004033	0.0	0.000438686280818	0.0	0.0	0.0	0.0	0.0	0.0	0.0	0.0	0.0
k__Fungi;p__Basidiomycota;c__Agaricomycetes;o__Polyporales;f__unidentified	0.0	0.000243706285185	0.0	0.00375051752271	0.0	0.00020258146669	0.0	0.0	0.0	0.0	0.000760389553417	0.0	0.0	0.0	0.0	0.0	0.00629500280257	0.0231567098175	0.00805397879405	0.0
k__Fungi;p__Basidiomycota;c__Agaricomycetes;o__Russulales;f__Auriscalpiaceae	0.0	0.0	0.0	0.0	0.0	0.0	0.0	0.0	0.0	0.0	0.0	0.0	0.0	0.0	0.0	0.0	0.0	0.0	0.0	0.0
k__Fungi;p__Basidiomycota;c__Agaricomycetes;o__Russulales;f__Bondarzewiaceae	0.0	0.0	0.0	0.0	0.0	0.0	0.0	0.0	0.0	0.0	0.0	0.0	0.0	0.0	0.0	0.0	0.0	0.0	0.0	0.0
k__Fungi;p__Basidiomycota;c__Agaricomycetes;o__Russulales;f__Echinodontiaceae	0.0	0.0	0.0	0.0	0.0	0.0	0.0	0.0	0.0	0.0	0.0	0.0	0.0	0.0	0.000822158591557	0.0	0.0	0.0	0.0	0.0
k__Fungi;p__Basidiomycota;c__Agaricomycetes;o__Russulales;f__Russulaceae	0.0	0.00017059439963	0.000237917204813	0.00433501376002	0.00369898277974	0.00133124963825	0.000462136330217	0.00160732550777	0.000311837345641	0.000345474286842	0.000497177784927	0.00354352171543	0.00559234226507	0.00856703522003	0.0238709494514	0.0103372139703	0.0	0.0232773176811	0.00115668844383	0.0125883666129
k__Fungi;p__Basidiomycota;c__Agaricomycetes;o__Russulales;f__Stereaceae	0.0	0.0	0.0	0.0	0.0	0.0	0.0	0.0	0.0	0.0	0.0	0.0	0.0	0.0	0.0	0.0	0.0	0.00140709174238	0.0	0.0
k__Fungi;p__Basidiomycota;c__Agaricomycetes;o__Thelephorales;f__Thelephoraceae	0.000768268715383	0.000609265712963	0.000509822581742	0.00399405762159	0.00294918897303	0.0024599178098	0.0010503098414	0.00297111684769	0.00214128310673	0.00217155266015	0.00377270201503	0.0370252589497	0.0237417229904	0.0239437651021	0.0118220735407	0.0234176368259	0.0275082999181	0.0206239446812	0.0137517403877	0.0178283517301
k__Fungi;p__Basidiomycota;c__Agaricomycetes;o__unidentified;f__unidentified	0.000339467571914	0.000341188799259	0.000101964516348	0.0	0.0	0.000260461885744	0.000420123936561	0.00150991184063	0.000457361440273	0.000148060408647	0.0	0.00390695984009	0.0	0.00333162480779	0.0	0.0	0.0	0.0	0.0	0.000279052461863
k__Fungi;p__Basidiomycota;c__Agaricostilbomycetes;o__Agaricostilbales;f__Chionosphaeraceae	0.0	0.0	0.0	0.0	0.0	0.0	6.30185904842e-05	0.0	0.0	0.0	0.000380194776709	0.0	0.0	0.0	0.0	0.0	0.0	0.0	0.0	0.0
k__Fungi;p__Basidiomycota;c__Cystobasidiomycetes;o__Cystobasidiales;f__Cystobasidiaceae	0.0	0.00048741257037	0.000849704302903	0.00112028445484	0.0	0.0	0.000567167314358	0.0	0.00124734938256	0.000592241634587	0.0	0.0	0.0	0.00377095994728	0.0	0.0	0.0046565774156	0.0	0.0	0.0
k__Fungi;p__Basidiomycota;c__Cystobasidiomycetes;o__Incertae_sedis;f__Incertae_sedis	0.0	9.7482514074e-05	0.000101964516348	0.0	0.0	0.0	0.000168049574625	0.0	0.000291048189264	0.0	0.0	0.0	0.0	0.0	0.0	0.0	0.0	0.0	0.0	0.0
k__Fungi;p__Basidiomycota;c__Exobasidiomycetes;o__Entylomatales;f__Entylomataceae	0.0	0.0	0.0	0.0	0.0	0.0	0.0	0.0	0.0	0.0	0.0	0.0	0.0	0.0	0.0	0.0	0.0	0.0	0.0	0.0131774773657
k__Fungi;p__Basidiomycota;c__Exobasidiomycetes;o__Entylomatales;f__unidentified	0.000482401286403	0.00241269222333	0.00397661613758	0.000657558266969	2.49931268901e-05	0.000926086704868	0.00226866925743	0.00521163119186	0.0015591867282	0.00276379429474	0.00233966016436	0.0	0.0	0.0	2.83502962606e-05	0.0	0.0	0.0	0.0	0.0
k__Fungi;p__Basidiomycota;c__Exobasidiomycetes;o__Incertae_sedis;f__Incertae_sedis	0.000160800428801	0.0	5.09822581742e-05	0.000414018168091	0.0	0.0	0.0	0.0	0.000519728909401	0.0	0.0	0.0	0.00833705012523	0.0	0.0	0.00545296400375	0.0	0.0	0.0	0.0
k__Fungi;p__Basidiomycota;c__Incertae_sedis;o__Malasseziales;f__Incertae_sedis	0.000125067000179	0.0	0.0	0.0	0.0	0.0	0.0	0.0	0.0	0.00113512979962	0.0	0.00218062874796	0.0	0.0	0.0	0.0	0.0	0.0	0.0	0.0
k__Fungi;p__Basidiomycota;c__Microbotryomycetes;o__Microbotryales;f__Microbotryaceae	0.0	2.43706285185e-05	6.79763442322e-05	0.0	0.000799780060483	0.0	0.0	0.0	0.0	0.0	0.0	0.0	0.0	0.0	0.0	0.0	0.0	0.0	0.0	0.0
k__Fungi;p__Basidiomycota;c__Microbotryomycetes;o__Sporidiobolales;f__Incertae_sedis	0.000160800428801	0.000828601369629	0.000985656991367	0.00199702881079	0.00182449826298	0.00124442900967	0.00170150194307	0.00224051434416	0.000686042160409	0.00152995755602	0.0003217032726	0.0	0.0	0.00384418247053	0.0	0.0068914759802	0.0	0.0	0.0122309092856	0.000248046632767
k__Fungi;p__Basidiomycota;c__Microbotryomycetes;o__unidentified;f__unidentified	0.0	0.0	1.69940860581e-05	0.0	0.000349903776461	0.0	0.0	0.000828016170669	0.00010394578188	0.0	0.0003217032726	0.0	0.0	0.0	0.0	0.0	0.0	0.0	0.0	0.0
k__Fungi;p__Basidiomycota;c__Pucciniomycetes;o__Pucciniales;f__Pucciniaceae	8.93335715562e-05	2.43706285185e-05	0.000237917204813	0.00146124059326	0.00484866661668	0.00127336921919	0.000903266463607	0.0	0.00253627707788	0.000839008982331	0.00058491504109	4.54297655824e-05	0.0	0.0101413194699	0.0	0.0	0.0	0.0	0.0	0.0
k__Fungi;p__Basidiomycota;c__Tremellomycetes;o__Filobasidiales;f__Filobasidiaceae	0.000303734143291	0.00402115370555	0.000934674733193	0.0017778427218	0.00522356352003	0.00361752619089	0.00338199768932	0.0	0.00486466259199	0.00123383673872	0.00655104846021	0.00363438124659	0.0	0.0559053965	0.00113401185042	0.00137160444266	0.00353554951925	0.00353783066656	0.000621184534647	0.00120922733474
k__Fungi;p__Basidiomycota;c__Tremellomycetes;o__Tremellales;f__Cuniculitremaceae	0.0	4.8741257037e-05	0.0	0.0	0.0	0.0	0.0	0.0	0.0	0.0	0.0	0.0	0.0	0.0	0.0	0.0	0.0	0.0	0.0	0.0
k__Fungi;p__Basidiomycota;c__Tremellomycetes;o__Tremellales;f__Exidiaceae	0.0	0.0	0.0	0.0	0.0	0.0	0.0	0.0	0.0	0.0	0.0	0.019580228966	0.0	0.0	0.0	0.0	0.0	0.0	0.0	0.0
k__Fungi;p__Basidiomycota;c__Tremellomycetes;o__Tremellales;f__Incertae_sedis	0.000268000714669	0.00214461530963	0.00180137312215	0.00647816663014	0.00637324735698	0.0136018984777	0.0160277281798	0.0	0.00947985530747	0.0120916000395	0.00915392039306	0.00495184444848	0.0	0.00391740499378	0.0195333541236	0.00317810785494	0.0162117880395	0.00418107260593	0.00368426689515	0.002263425524
k__Fungi;p__Basidiomycota;c__Tremellomycetes;o__Tremellales;f__Tremellaceae	0.00014293371449	0.000828601369629	0.00185235538033	0.0160736465259	0.00932243633001	0.0288533888985	0.0185484717992	0.0	0.027919837013	0.01969203435	0.0102945047232	0.0254860984917	0.0	0.00659002709233	0.0299095625549	0.00220794861501	0.000388048117967	0.00301519659082	0.00550498018636	0.0222621852908
k__Fungi;p__Basidiomycota;c__Tremellomycetes;o__Tremellales;f__Trichosporonaceae	0.0	0.0	0.0	0.0	0.0	0.0	0.0	0.0	0.0	0.0	0.0	0.0	0.0	0.0	0.0	0.0	0.0	0.0	0.0	0.0
k__Fungi;p__Basidiomycota;c__Tremellomycetes;o__Tremellales;f__unidentified	0.0	0.0	0.0	0.0	0.0	5.78804190542e-05	0.000231068165109	0.0	2.0789156376e-05	0.0	0.0	0.0	0.0	0.00937248297576	0.00445099651291	0.0	0.0	4.02026212109e-05	0.0	0.0
k__Fungi;p__Basidiomycota;c__Tremellomycetes;o__unidentified;f__unidentified	0.000303734143291	0.00531279701704	0.00197131398273	0.00545529821485	0.0080727799855	0.00384904786711	0.00789833000735	0.0	0.0065070059457	0.00320797552068	0.00178399087533	0.00190805015446	0.0	0.00124478289522	0.00164431718311	0.0	0.0	0.0	0.00638320659741	0.00204638472033
k__Fungi;p__Basidiomycota;c__Ustilaginomycetes;o__Urocystidales;f__Floromycetaceae	0.0	0.0	0.0	0.0	0.0	0.0	0.0	0.00150991184063	0.0	0.000740302043234	0.0	0.0	0.0	0.00285567840668	0.0	0.0	0.00500150907601	0.0	0.0	0.0
k__Fungi;p__Basidiomycota;c__Ustilaginomycetes;o__Urocystidales;f__Glomosporiaceae	0.0	0.0	0.0	0.0	0.0	0.0	0.000231068165109	0.0	0.0	0.000345474286842	0.0	0.0	0.0	0.0	0.0	0.0	0.0	0.0	0.0	0.0
k__Fungi;p__Basidiomycota;c__Ustilaginomycetes;o__Ustilaginales;f__Ustilaginaceae	0.00139360371628	0.0119416079741	0.0220413296173	0.00991208202431	0.00824773187373	0.0184059732592	0.0338619892868	0.0498757975744	0.0174213130431	0.0262066923305	0.0147398590355	0.0010448846084	0.0	0.00274584462181	0.0	0.0	0.00668305092054	0.0108547077269	0.00284888079683	0.00632518913556
k__Fungi;p__Basidiomycota;c__unidentified;o__unidentified;f__unidentified	0.0038234768626	0.0149148246533	0.0163313167018	0.0530917415552	0.0613331333883	0.0710771545986	0.03470223716	0.0513370025815	0.072533366596	0.0689961504294	0.0442195771064	0.0769580228966	0.396747521186	0.125137292231	0.0827261644884	0.127659574468	0.0734704436683	0.149593953526	0.0700010710078	0.122628054074
k__Fungi;p__Glomeromycota;c__Glomeromycetes;o__Archaeosporales;f__Archaeosporaceae	7.1466857245e-05	0.0	0.0	0.0	0.0	0.0	0.0	0.0	0.0	0.0	0.0	0.0	0.0	0.0	0.0	0.0023083099157	0.0	0.0	0.0	0.0
k__Fungi;p__Glomeromycota;c__Glomeromycetes;o__Diversisporales;f__Diversisporaceae	0.0	0.0	0.0	0.00112028445484	0.0	0.0	0.000714210692154	0.0	0.0	0.0	0.00105284707396	0.0	0.0	0.0	0.0	0.0	0.0	0.0	0.00265609938953	0.0
k__Fungi;p__Glomeromycota;c__Glomeromycetes;o__Glomerales;f__Glomeraceae	0.0	0.000243706285185	0.0	0.00248410900855	0.0	0.0	0.00109232223506	0.0	0.0	0.0	0.00312929546983	0.0	0.0	0.0	0.0	0.0017061421116	0.0	0.0	0.00863232301596	0.0
k__Fungi;p__Glomeromycota;c__Glomeromycetes;o__Paraglomerales;f__unidentified	7.1466857245e-05	0.0	0.000254911290871	0.0	0.0	0.0	0.000609179708014	0.0	0.0	0.0	0.0	0.0	0.0	0.0	0.0	0.00692492974709	0.0	0.0	0.0	0.0
k__Fungi;p__Glomeromycota;c__unidentified;o__unidentified;f__unidentified	0.0	0.0	0.0	0.0	0.0	0.0	0.0	0.0	0.0	0.0	0.0	0.0	0.0	0.0	0.0	0.0	0.0	0.0	0.00218485594945	0.0
k__Fungi;p__Neocallimastigomycota;c__Neocallimastigomycetes;o__Neocallimastigales;f__Neocallimastigaceae	0.0	0.0	0.0	0.000876744355958	0.0	0.0	0.0	0.0	0.0	0.0	0.000467932032872	0.00113574413956	0.0	0.0	0.0	0.0	0.0	0.0	0.0	0.0
k__Fungi;p__Zygomycota;c__Incertae_sedis;o__Mortierellales;f__Mortierellaceae	0.0	0.0	0.0	0.0	0.000749793806703	0.0	0.0	0.0	0.0	0.0	0.0	0.0	0.00816550588397	0.0060774694296	0.0	0.00307774655426	0.0	0.0	0.0	0.0
k__Fungi;p__Zygomycota;c__Incertae_sedis;o__Mucorales;f__Mucoraceae	0.0	4.8741257037e-05	3.39881721161e-05	0.0	0.0	0.000723505238178	0.000441130133389	0.000487068335687	0.000332626502017	0.0	0.000555669289036	0.000363438124659	6.86176965039e-05	0.00205023065095	0.00104896096164	0.000468352736518	0.0	0.00140709174238	0.0	0.0
k__Fungi;p__unidentified;c__unidentified;o__unidentified;f__unidentified	0.057119885653	0.30745984939	0.423475630481	0.323908331507	0.328659618605	0.477050413845	0.512446171621	0.305927621645	0.435449669452	0.45405191985	0.421752990378	0.57763946938	0.403815143926	0.49392253057	0.515805290165	0.423825772782	0.597076704178	0.448259226502	0.489836135804	0.473862086072