Eigvals	24
1.34430589515	0.588428118061	0.567444912611	0.444089272419	0.415293369888	0.386172302077	0.349647187193	0.291472332228	0.270025965666	0.216944971364	0.210118077923	0.199456324819	0.194296474429	0.174704165347	0.155356936252	0.141755040228	0.130271112365	0.126130076126	0.101918207786	0.0836274461781	0.0728341825354	0.0218678020889	0.0127376233078	0.0

Proportion explained	24
0.206851367315	0.0905427560993	0.0873140231497	0.0683330137443	0.063902123548	0.0594211994398	0.0538009979793	0.0448495023888	0.0415495017987	0.0333818099888	0.0323313405622	0.0306907926665	0.0298968348982	0.0268821222967	0.0239051207032	0.0218121664129	0.0200451086405	0.0194079180938	0.015682383534	0.0128679429655	0.0112071592478	0.00336484782115	0.00195996670629	0.0

Species	0	0

Site	24	24
572	0.2340848387	0.01639901407	-0.162356474805	-0.144108484635	0.0308774925415	-0.0639718446457	0.038019024547	-0.170403572494	0.193156591223	-0.215664704136	0.142566515728	0.0529455951705	-0.0304997773161	-0.155659935035	0.0355037618464	-0.0362957491242	0.0158775580008	-0.0237843893756	-0.0338129172089	-0.0328650664455	0.0609485681701	-0.00519996622666	-0.00167328111519	0.0
557	0.242319239058	0.303353075429	-0.114075528335	0.136165911132	0.00331488161266	0.0692991967904	0.0138942816948	-0.0920911130545	-0.0126974979423	-0.0662320270216	-0.0110853465605	0.112084630343	0.149484609514	0.114427509464	-0.198002010417	-0.0224349092259	0.0618855398085	-0.0267504777332	0.0872712701113	0.0205624330102	-0.0157476143389	0.00713957391627	-0.00283354183084	0.0
570	0.279113264166	0.0367221110881	-0.0553334536081	0.0225027141759	-0.00986367944853	-0.0902442601942	0.146366618898	0.0665094159666	-0.124586073935	0.19767689938	0.0470285953431	0.196499243429	-0.196404602369	-0.0589752818179	-0.0375962041603	0.00635367389301	0.0534670601492	0.0537990580371	-0.019856369153	0.0439894850895	0.0600116040553	-0.00734949528188	0.00233046868384	0.0
551	0.15953154048	-0.362854966014	-0.0767425660648	-0.172811163842	0.142729514676	0.002492103745	0.0145387943411	-0.0047861832827	-0.0711923034215	-0.0679438112841	-0.173507371552	0.177304978877	-0.0177101699166	0.115153061625	0.0549790879247	0.00345240115531	-0.0300191243268	-0.0964020634931	0.0263857285875	-0.0539655442629	-0.0440568790174	0.00165563461924	-0.00398171362867	0.0
550	0.223126757455	0.129086252937	0.340266693235	0.137527435547	0.325304068866	0.0202507909668	-0.0343630609993	-0.104389806033	-0.0465962114074	-0.01083963279	-0.126230698058	-0.0471922479613	-0.00200501106929	-0.115405923399	-0.00814950713361	0.0612245258758	-0.103282114449	-0.0425732694957	-0.0360785976404	0.0467743166716	0.0285368160921	-0.00957250787086	0.0023740793706	0.0
575	0.210305356194	0.264554690787	-0.0251633509581	0.0246374127731	0.0889549608194	0.0798840104099	-0.0677536932738	0.220166461742	0.0819506634295	-0.0485154500459	0.0251824265545	0.035692180872	0.0406719994699	0.135621765813	0.213525690375	0.00462016730471	0.0502759140436	0.0351448341129	-0.0888556021504	0.0475497801158	-0.00876579190808	-0.00556594135718	0.00187762123728	0.0
552	0.182114824384	0.0604336055553	-0.208999000433	-0.137827715482	-0.0391220416378	-0.102089936706	0.0490308507764	-0.163270721165	0.134783358543	0.221814710562	-0.0172884777324	-0.158753733953	-0.0125338772318	0.0652463803673	0.0332826833238	0.0276879465471	-0.0338370450814	-0.110500449382	-0.0025235984078	0.0749036235265	-0.0571620800589	0.0021186677542	0.00408916788045	0.0
542	-0.045712023749	0.0372808080705	0.115175625454	-0.0236827166347	-0.186378507617	0.0882593311803	-0.182083925432	0.0442264954922	-0.0532287069751	0.0326670391016	-0.113227168394	-0.0324392171199	-0.0180441785644	-0.114661483477	0.00486509863199	-0.138050841942	0.164615168111	-0.160699682838	-0.0356862189256	-0.00870052596522	0.016965051277	0.00389935482909	-0.00223819944576	0.0
520	-0.523913986557	0.0429205036087	-0.128447940187	0.0481956295953	0.102865475263	-0.0100271509443	0.0329741945483	0.0228502744102	0.0245817748969	0.00998621520165	-0.0128020816315	0.012216261178	-0.0150290182957	-0.0329656042716	-0.00624572454111	0.00607546263661	0.00574962445253	-0.00325764887594	0.00297180608765	0.0224392456186	-0.0200793535204	-0.0458223477139	-0.0849052376125	0.0
521	-0.538835560985	0.0590120780231	-0.127532153543	0.065238079848	0.102307865871	0.00222997370891	0.0632306028764	0.0171565034858	0.0225742517783	0.0128629977669	-0.0164489001409	0.0445083963317	-0.0028836532913	-0.0260929626453	0.000429233627463	0.00650509594203	-0.028784656472	-0.0224148215941	-0.0462381175849	0.00066172336998	0.0214704955928	0.113616973878	0.0135674418384	0.0
522	-0.523101433141	0.0488084325083	-0.125420060894	0.055460720846	0.113087077329	-0.00775808402941	0.0239852889458	-3.27624249812e-05	0.00456703218655	0.022752919671	0.00101954724321	0.0148795488473	0.00911046953769	0.00189852594545	-0.000797630799882	-0.0164202063186	0.0111929072803	-0.0226409623503	0.0158650146016	-0.0390684012103	0.00815145916628	-0.0768270314138	0.0696624693444	0.0
571	0.203137483975	0.0106986787007	-0.185158341476	0.0546275764134	0.141210779778	-0.0406541600643	-0.039459279868	-0.0643158717636	-0.257499191379	0.058730366314	0.0704993021487	-0.163935306094	0.0627212034613	0.00427420036508	0.075462469455	-0.0740590950037	0.0199125197218	0.0687283267355	0.0242466576677	-0.129750283344	0.025773431574	0.0122319335623	-0.0114453900575	0.0
582	0.140074746192	-0.0616558891549	-0.0908847790064	-0.137147562163	0.0559648466769	-0.118600309954	0.132103839177	0.277844335557	0.0514976095163	-0.105824501799	-0.143345146185	-0.184961138343	-0.0108996274837	-0.0440936170689	-0.124691871134	-0.0121612563703	0.0305245728802	0.0687961045949	0.0366656970976	0.0315709700875	0.0162920023427	0.00308319108443	0.00727374947894	0.0
560	0.0183791144609	-0.0676949917261	0.202467203409	-0.10190546622	-0.0623134194434	-0.0652735611848	0.046894393309	0.0391929346438	0.1616762141	0.182696053585	-0.0328245969478	0.0951120986965	0.261463794579	-0.0721278713865	0.00146318591406	-0.00433370733929	-0.0127441654619	0.0821338315017	-0.0167903702846	-0.0807692772039	0.0124635791911	-0.00201088413515	-0.00503215208354	0.0
561	-0.142988276148	0.0304112916116	0.292304089973	-0.00386570052859	-0.0468791370719	-0.126536568874	-0.0153553218328	-0.0747516205866	0.103610253901	-0.0166478157448	0.00120672663889	-0.0643439100312	-0.132742782638	0.201445552166	-0.0159312905976	0.0834081231581	0.0770938938918	0.00147891820013	0.0350024810359	-0.0847575192424	0.100175165357	0.00549326545835	-0.00884695263836	0.0
562	-0.117208393699	-0.0711968616634	0.246262804416	-0.0525003225438	0.0939125099155	-0.0801778913836	-0.0500840216468	-0.105028241089	0.0278759041674	-0.0219454081516	0.0676559313285	0.0112638049876	-0.0762215205611	0.0243977987792	0.000473277937642	-0.18137077459	0.0403340965383	0.130203081773	0.0387085945636	0.0630503707702	-0.129337927675	0.0126879762017	0.00753496380117	0.0
565	0.109912465702	-0.270780856727	-0.106853670018	0.0666530228887	0.0597783318194	0.266754806777	-0.24600478045	0.031497669672	0.107205175017	0.0642218317792	0.0822008515398	-0.0365922212515	-0.0556073453225	0.043159525323	-0.155133841272	0.0190557627034	-0.0336359946782	0.0493836259091	-0.105291092575	-0.01500582068	0.00668746083943	-0.00376640033369	0.000377960641557	0.0
567	0.156868454599	-0.255842905247	-0.0298220953781	0.506577704672	-0.16083330834	-0.0691203868588	0.0755583612787	0.0330364397368	0.104986684059	-0.0316958342946	-0.00886821580922	-0.018816284299	-0.00602224136515	-0.0334986752186	0.0835100303123	-0.00504220647337	-0.0156909750498	-0.0211922261881	0.0655055510529	0.00432445899945	-0.0229054878984	0.00173799512179	0.0017354346765	0.0
537	-0.034114767961	-0.0377237502098	0.134289518734	-0.0755211161325	-0.108210985957	0.410785532099	0.362970246676	-0.0615976140816	-0.0560603688407	-0.0253088094596	0.0322568718994	-0.0688828867028	-0.00525149025434	0.00949393958139	0.0331535808136	0.0089813252843	0.00980730671905	0.01151102139	-0.00494058268429	0.000310001811567	-0.00934195567371	-0.00356225594327	0.000131622618778	0.0
536	0.0116462049301	0.0921654921316	0.155738391571	-0.0551162246158	-0.0889241697542	-0.0811421124318	0.01504877167	0.198116410599	-0.0633483756599	-0.0208524272588	0.201261437688	0.00098799802257	-0.0146545737985	0.0325862646933	-0.0555030921534	-0.0715559470531	-0.190978693954	-0.135112317831	0.0109693633892	-0.0368855955084	-0.0211176617939	-0.0029434469718	-0.00414949819394	0.0
535	-0.0907072181355	-0.168358181618	0.0558640494808	0.00207318453227	-0.117422947663	-0.202068759603	0.0182214248357	-0.0563395042234	-0.190665053513	-0.0970674949193	0.0820577233222	-0.0198865892593	0.122802245061	0.0217234048401	-0.0383111292609	0.12912090964	0.0731189696536	-0.00755008503643	-0.147521826068	0.067194376872	-0.0335577318251	-0.00669390344079	0.00474704746399	0.0
532	-0.088853281572	-0.126604963974	0.0200201916004	-0.132191363585	0.00980867398788	0.0930270543507	-0.184986359992	0.042360672959	-0.0529594884661	0.0142330533357	0.116373351257	0.00579487246157	0.0608470867852	-0.0578237960309	0.0658135326636	0.113377448525	0.0174910652191	-0.000274304884351	0.189340554658	0.101274590737	0.0558310538039	0.010315638169	0.00420888035819	0.0
531	-0.0960766994153	0.0621885541574	-0.0914236750387	-0.0405712613662	-0.287450427568	-0.00320828926001	-0.101474993917	-0.105067045462	-0.0720978952332	-0.055685796762	-0.154630661713	0.0180361693027	-0.00257553701382	0.0476615811528	0.0328819292181	-0.0787679731715	-0.164379943064	0.111238653243	-0.0212243320121	0.0570141273213	0.0826539411427	-0.0102333958385	0.000319654768739	0.0
530	0.0308973510672	0.228678777656	-0.0341754781307	-0.0424102946745	-0.162717854652	0.0278905161052	-0.111271256162	0.00911644139619	-0.0175343460451	-0.0334183730298	-0.0590506159682	0.0184777564956	-0.108016001918	-0.105784359765	0.00501873942563	0.170629823946	-0.0179934839335	0.06073524358	0.025886905841	-0.0998514701387	-0.133888144895	0.00556737193283	0.00487540444342	0.0

Biplot	0	0

Site constraints	0	0
