Sample	FastQC_percent_duplicates	FastQC_percent_gc	FastQC_avg_sequence_length	FastQC_total_sequences	FastQC_percent_fails
LALL-PD-KC2015-520-Control-0d-HMC-ITS_S123_L001_R1_001	98.2476635514	48.0	248.863246233	41944.0	41.6666666667
LALL-PD-KC2015-520-Control-0d-HMC-ITS_S123_L001_R2_001	95.350944116	49.0	248.856141522	41944.0	33.3333333333
LALL-PD-KC2015-521-Control-0d-HMC-ITS_S124_L001_R1_001	98.6013986014	49.0	248.531633851	60489.0	41.6666666667
LALL-PD-KC2015-521-Control-0d-HMC-ITS_S124_L001_R2_001	94.7246606821	50.0	248.689083966	60489.0	41.6666666667
LALL-PD-KC2015-522-Control-0d-HMC-ITS_S125_L001_R1_001	98.3968583183	48.0	248.903743497	58822.0	41.6666666667
LALL-PD-KC2015-522-Control-0d-HMC-ITS_S125_L001_R2_001	94.7145625786	49.0	248.814763184	58822.0	41.6666666667
LALL-PD-KC2015-525-Control-10d-HMC-ITS_S126_L001_R1_001	98.3850389471	40.0	247.637254902	29784.0	41.6666666667
LALL-PD-KC2015-525-Control-10d-HMC-ITS_S126_L001_R2_001	94.7555734623	36.0	248.296266452	29784.0	41.6666666667
LALL-PD-KC2015-526-Control-10d-HMC-ITS_S127_L001_R1_001	98.3533433383	40.0	246.377021844	23988.0	41.6666666667
LALL-PD-KC2015-526-Control-10d-HMC-ITS_S127_L001_R2_001	94.8182424546	36.0	246.81982658	23988.0	41.6666666667
LALL-PD-KC2015-530-LH-10d-HMC-ITS_S129_L001_R1_001	98.6699135938	42.0	232.215533333	80897.0	33.3333333333
LALL-PD-KC2015-530-LH-10d-HMC-ITS_S129_L001_R2_001	95.8107222765	42.0	232.235682411	80897.0	41.6666666667
LALL-PD-KC2015-531-LH-10d-HMC-ITS_S130_L001_R1_001	98.491680349	46.0	248.949077364	81614.0	41.6666666667
LALL-PD-KC2015-531-LH-10d-HMC-ITS_S130_L001_R2_001	94.4016957875	45.0	249.012755165	81614.0	41.6666666667
LALL-PD-KC2015-532-LH-10d-HMC-ITS_S131_L001_R1_001	98.307811194	45.0	248.603021653	63409.0	33.3333333333
LALL-PD-KC2015-532-LH-10d-HMC-ITS_S131_L001_R2_001	94.4408522449	45.0	248.646769386	63409.0	41.6666666667
LALL-PD-KC2015-535-LH-LB-10d-HMC-ITS_S132_L001_R1_001	97.7999919708	45.0	248.349431932	24909.0	33.3333333333
LALL-PD-KC2015-535-LH-LB-10d-HMC-ITS_S132_L001_R2_001	92.7094624433	45.0	248.427154844	24909.0	33.3333333333
LALL-PD-KC2015-536-LH-LB-10d-HMC-ITS_S133_L001_R1_001	98.1316403213	46.0	248.58880539	38590.0	41.6666666667
LALL-PD-KC2015-536-LH-LB-10d-HMC-ITS_S133_L001_R2_001	93.5682819383	46.0	248.802980047	38590.0	41.6666666667
LALL-PD-KC2015-537-LH-LB-10d-HMC-ITS_S134_L001_R1_001	98.4092630668	44.0	250.243642463	36964.0	41.6666666667
LALL-PD-KC2015-537-LH-LB-10d-HMC-ITS_S134_L001_R2_001	94.0861378639	44.0	250.338951412	36964.0	41.6666666667
LALL-PD-KC2015-540-LB-10d-HMC-ITS_S135_L001_R1_001	97.537516658	44.0	247.687467408	17259.0	41.6666666667
LALL-PD-KC2015-540-LB-10d-HMC-ITS_S135_L001_R2_001	92.4271394635	44.0	247.773915059	17259.0	33.3333333333
LALL-PD-KC2015-541-LB-10d-HMC-ITS_S136_L001_R1_001	97.4026718651	46.0	249.720658219	17441.0	41.6666666667
LALL-PD-KC2015-541-LB-10d-HMC-ITS_S136_L001_R2_001	92.7756435984	46.0	249.792041741	17441.0	33.3333333333
LALL-PD-KC2015-542-LB-10d-HMC-ITS_S137_L001_R1_001	98.000480984	44.0	246.942659841	29107.0	41.6666666667
LALL-PD-KC2015-542-LB-10d-HMC-ITS_S137_L001_R2_001	93.2249974233	44.0	247.246298141	29107.0	41.6666666667
LALL-PD-KC2015-545-Control-30d-HMC-ITS_S138_L001_R1_001	98.6664515782	41.0	245.065333118	37194.0	41.6666666667
LALL-PD-KC2015-545-Control-30d-HMC-ITS_S138_L001_R2_001	94.5421304511	37.0	245.390546862	37194.0	41.6666666667
LALL-PD-KC2015-546-Control-30d-HMC-ITS_S139_L001_R1_001	98.1230860417	45.0	248.600414897	20246.0	41.6666666667
LALL-PD-KC2015-546-Control-30d-HMC-ITS_S139_L001_R2_001	92.5565543811	39.0	248.80163983	20246.0	33.3333333333
LALL-PD-KC2015-547-Control-30d-HMC-ITS_S140_L001_R1_001	98.5474006116	46.0	248.163669725	32700.0	33.3333333333
LALL-PD-KC2015-547-Control-30d-HMC-ITS_S140_L001_R2_001	93.7308868502	39.0	248.27675841	32700.0	33.3333333333
LALL-PD-KC2015-550-LH-30d-HMC-ITS_S141_L001_R1_001	98.3918128655	46.0	249.490886307	52668.0	41.6666666667
LALL-PD-KC2015-550-LH-30d-HMC-ITS_S141_L001_R2_001	94.3836864889	46.0	249.893122959	52668.0	41.6666666667
LALL-PD-KC2015-551-LH-30d-HMC-ITS_S142_L001_R1_001	98.3908199793	46.0	248.71509819	59782.0	41.6666666667
LALL-PD-KC2015-551-LH-30d-HMC-ITS_S142_L001_R2_001	94.4264159781	46.0	249.337057977	59782.0	41.6666666667
LALL-PD-KC2015-552-LH-30d-HMC-ITS_S143_L001_R1_001	98.2605657044	46.0	249.417600124	51511.0	33.3333333333
LALL-PD-KC2015-552-LH-30d-HMC-ITS_S143_L001_R2_001	93.8712119741	47.0	249.406010367	51511.0	33.3333333333
LALL-PD-KC2015-555-LH-LB-30d-HMC-ITS_S144_L001_R1_001	97.7023232065	45.0	247.285848013	23502.0	33.3333333333
LALL-PD-KC2015-555-LH-LB-30d-HMC-ITS_S144_L001_R2_001	93.3665219981	46.0	247.682537656	23502.0	41.6666666667
LALL-PD-KC2015-556-LH-LB-30d-HMC-ITS_S145_L001_R1_001	97.3299119218	46.0	249.622997434	14419.0	41.6666666667
LALL-PD-KC2015-556-LH-LB-30d-HMC-ITS_S145_L001_R2_001	92.6971357237	47.0	250.046327762	14419.0	41.6666666667
LALL-PD-KC2015-557-LH-LB-30d-HMC-ITS_S146_L001_R1_001	98.3333669619	46.0	250.001008858	49561.0	41.6666666667
LALL-PD-KC2015-557-LH-LB-30d-HMC-ITS_S146_L001_R2_001	94.5602388975	47.0	249.919674744	49561.0	33.3333333333
LALL-PD-KC2015-560-LB-30d-HMC-ITS_S147_L001_R1_001	98.1322727151	45.0	249.118217731	37211.0	33.3333333333
LALL-PD-KC2015-560-LB-30d-HMC-ITS_S147_L001_R2_001	94.5956840719	45.0	249.084733009	37211.0	41.6666666667
LALL-PD-KC2015-561-LB-30d-HMC-ITS_S148_L001_R1_001	98.1575094611	45.0	249.173006271	36201.0	33.3333333333
LALL-PD-KC2015-561-LB-30d-HMC-ITS_S148_L001_R2_001	94.9780392807	45.0	249.423220353	36201.0	33.3333333333
LALL-PD-KC2015-562-LB-30d-HMC-ITS_S149_L001_R1_001	98.0792023984	45.0	247.228125218	28686.0	41.6666666667
LALL-PD-KC2015-562-LB-30d-HMC-ITS_S149_L001_R2_001	93.8646029422	44.0	247.199191243	28686.0	33.3333333333
LALL-PD-KC2015-565-Control-92d-HMC-ITS_S150_L001_R1_001	98.5446120946	46.0	246.81771019	50502.0	41.6666666667
LALL-PD-KC2015-565-Control-92d-HMC-ITS_S150_L001_R2_001	95.1744485367	46.0	246.746980318	50502.0	33.3333333333
LALL-PD-KC2015-566-Control-92d-HMC-ITS_S151_L001_R1_001	98.3978044956	44.0	237.976894929	38260.0	41.6666666667
LALL-PD-KC2015-566-Control-92d-HMC-ITS_S151_L001_R2_001	94.7856769472	43.0	238.100836383	38260.0	33.3333333333
LALL-PD-KC2015-567-Control-92d-HMC-ITS_S152_L001_R1_001	98.3611763959	43.0	237.329479769	31486.0	41.6666666667
LALL-PD-KC2015-567-Control-92d-HMC-ITS_S152_L001_R2_001	94.8770882297	42.0	237.430413517	31486.0	41.6666666667
LALL-PD-KC2015-570-LH-92d-HMC-ITS_S153_L001_R1_001	98.5832528774	46.0	248.219606652	92183.0	41.6666666667
LALL-PD-KC2015-570-LH-92d-HMC-ITS_S153_L001_R2_001	95.7953201783	47.0	248.460345183	92183.0	41.6666666667
LALL-PD-KC2015-571-LH-92d-HMC-ITS_S154_L001_R1_001	98.4041251244	46.0	249.221154317	61283.0	33.3333333333
LALL-PD-KC2015-571-LH-92d-HMC-ITS_S154_L001_R2_001	94.4405463179	47.0	249.342101398	61283.0	41.6666666667
LALL-PD-KC2015-574-LH-92d-HMC-ITS_S155_L001_R1_001	98.6446376507	46.0	249.058364634	76142.0	41.6666666667
LALL-PD-KC2015-574-LH-92d-HMC-ITS_S155_L001_R2_001	95.3415985921	48.0	249.232775603	76142.0	33.3333333333
LALL-PD-KC2015-575-LH-LB-92d-HMC-ITS_S156_L001_R1_001	97.7050209802	45.0	247.488710644	35033.0	41.6666666667
LALL-PD-KC2015-575-LH-LB-92d-HMC-ITS_S156_L001_R2_001	94.6764479205	46.0	247.632689179	35033.0	41.6666666667
LALL-PD-KC2015-576-LH-LB-92d-HMC-ITS_S157_L001_R1_001	97.2714954422	45.0	249.818612959	16236.0	41.6666666667
LALL-PD-KC2015-576-LH-LB-92d-HMC-ITS_S157_L001_R2_001	92.8984971668	47.0	250.197277655	16236.0	41.6666666667
LALL-PD-KC2015-577-LH-LB-92d-HMC-ITS_S158_L001_R1_001	97.6987723853	46.0	246.965547587	22727.0	41.6666666667
LALL-PD-KC2015-577-LH-LB-92d-HMC-ITS_S158_L001_R2_001	93.3867206406	46.0	247.265543187	22727.0	33.3333333333
LALL-PD-KC2015-580-LB-92d-HMC-ITS_S159_L001_R1_001	96.9598534066	46.0	250.368149259	12006.0	33.3333333333
LALL-PD-KC2015-580-LB-92d-HMC-ITS_S159_L001_R2_001	92.3121772447	46.0	250.512077295	12006.0	41.6666666667
LALL-PD-KC2015-581-LB-92d-HMC-ITS_S160_L001_R1_001	98.2990804482	45.0	248.033792272	39802.0	41.6666666667
LALL-PD-KC2015-581-LB-92d-HMC-ITS_S160_L001_R2_001	94.6158484498	46.0	248.364504296	39802.0	41.6666666667
LALL-PD-KC2015-582-LB-92d-HMC-ITS_S161_L001_R1_001	97.9012345679	45.0	249.091752036	38070.0	41.6666666667
LALL-PD-KC2015-582-LB-92d-HMC-ITS_S161_L001_R2_001	93.645915419	46.0	249.421959548	38070.0	41.6666666667
