	sequences per sample	iteration	425	426	437	430	1020	757	1138	1034	447	1016	1033	1017	1031	759	1154	1019	1145	758	1018	1156	1139	760	1140	1035	1032	451	427	836	424	837	839	844	831	457	1155	1162	1157	761	1040	1142	1153
alpha_rarefaction_10_0.txt	10	0	6.0	5.0	7.0	4.0	1.0	2.0	2.0	2.0	2.0	3.0	2.0	1.0	1.0	3.0	3.0	2.0	2.0	2.0	1.0	3.0	1.0	2.0	1.0	3.0	1.0	7.0	2.0	5.0	4.0	5.0	5.0	3.0	2.0	2.0	2.0	2.0	4.0	3.0	2.0	3.0	3.0
alpha_rarefaction_10_1.txt	10	1	5.0	4.0	7.0	5.0	1.0	2.0	2.0	2.0	1.0	1.0	2.0	2.0	2.0	3.0	4.0	1.0	3.0	1.0	1.0	4.0	1.0	2.0	2.0	2.0	3.0	4.0	1.0	2.0	5.0	4.0	3.0	2.0	6.0	2.0	3.0	3.0	2.0	2.0	1.0	1.0	3.0
alpha_rarefaction_10_2.txt	10	2	5.0	5.0	4.0	2.0	1.0	2.0	2.0	2.0	2.0	1.0	3.0	1.0	2.0	6.0	3.0	1.0	2.0	3.0	1.0	4.0	2.0	2.0	1.0	2.0	2.0	4.0	3.0	1.0	4.0	2.0	3.0	3.0	1.0	2.0	2.0	2.0	3.0	3.0	2.0	2.0	2.0
alpha_rarefaction_10_3.txt	10	3	5.0	3.0	6.0	3.0	1.0	2.0	3.0	2.0	2.0	1.0	2.0	2.0	1.0	3.0	4.0	2.0	2.0	2.0	1.0	3.0	1.0	2.0	1.0	2.0	2.0	7.0	4.0	2.0	5.0	4.0	3.0	2.0	2.0	2.0	2.0	1.0	3.0	2.0	1.0	1.0	3.0
alpha_rarefaction_10_4.txt	10	4	5.0	4.0	7.0	2.0	3.0	2.0	2.0	3.0	1.0	1.0	2.0	1.0	2.0	4.0	4.0	2.0	1.0	1.0	1.0	3.0	1.0	2.0	1.0	3.0	1.0	3.0	4.0	1.0	4.0	2.0	4.0	2.0	3.0	2.0	1.0	1.0	4.0	2.0	1.0	1.0	3.0
alpha_rarefaction_10_5.txt	10	5	6.0	6.0	4.0	3.0	1.0	2.0	3.0	2.0	2.0	1.0	3.0	1.0	1.0	2.0	3.0	1.0	3.0	1.0	1.0	3.0	1.0	3.0	2.0	3.0	3.0	3.0	4.0	2.0	5.0	2.0	4.0	2.0	2.0	2.0	2.0	1.0	5.0	2.0	2.0	2.0	3.0
alpha_rarefaction_10_6.txt	10	6	7.0	5.0	4.0	2.0	1.0	3.0	2.0	2.0	4.0	1.0	2.0	2.0	1.0	3.0	5.0	1.0	2.0	2.0	1.0	2.0	1.0	2.0	2.0	1.0	2.0	7.0	4.0	3.0	3.0	3.0	4.0	2.0	3.0	1.0	2.0	4.0	2.0	2.0	2.0	1.0	3.0
alpha_rarefaction_10_7.txt	10	7	5.0	6.0	6.0	1.0	1.0	2.0	3.0	2.0	2.0	1.0	1.0	1.0	2.0	3.0	3.0	1.0	2.0	1.0	1.0	3.0	1.0	2.0	1.0	3.0	2.0	4.0	4.0	4.0	7.0	2.0	3.0	3.0	2.0	2.0	3.0	4.0	2.0	3.0	1.0	2.0	3.0
alpha_rarefaction_10_8.txt	10	8	7.0	7.0	5.0	2.0	1.0	2.0	2.0	2.0	1.0	2.0	2.0	1.0	2.0	3.0	4.0	1.0	2.0	1.0	2.0	3.0	1.0	2.0	2.0	2.0	2.0	3.0	3.0	2.0	3.0	1.0	3.0	3.0	2.0	3.0	2.0	2.0	2.0	2.0	1.0	2.0	2.0
alpha_rarefaction_10_9.txt	10	9	5.0	5.0	5.0	2.0	1.0	3.0	2.0	2.0	2.0	1.0	2.0	1.0	2.0	3.0	3.0	2.0	1.0	1.0	1.0	4.0	1.0	3.0	1.0	2.0	2.0	5.0	5.0	3.0	5.0	4.0	3.0	2.0	1.0	2.0	2.0	3.0	2.0	3.0	2.0	3.0	2.0
alpha_rarefaction_2009_0.txt	2009	0	50.0	69.0	18.0	23.0	8.0	16.0	14.0	13.0	19.0	11.0	16.0	10.0	10.0	13.0	16.0	10.0	15.0	14.0	15.0	14.0	8.0	14.0	15.0	20.0	15.0	23.0	49.0	33.0	59.0	27.0	40.0	34.0	33.0	4.0	14.0	10.0	13.0	11.0	7.0	9.0	11.0
alpha_rarefaction_2009_1.txt	2009	1	56.0	69.0	22.0	29.0	10.0	15.0	18.0	11.0	15.0	12.0	17.0	9.0	11.0	16.0	16.0	14.0	14.0	13.0	13.0	11.0	10.0	11.0	11.0	15.0	14.0	31.0	57.0	30.0	62.0	26.0	37.0	33.0	35.0	5.0	11.0	9.0	13.0	7.0	6.0	8.0	12.0
alpha_rarefaction_2009_2.txt	2009	2	53.0	73.0	19.0	26.0	10.0	16.0	13.0	9.0	22.0	9.0	15.0	11.0	10.0	13.0	17.0	11.0	16.0	17.0	15.0	15.0	10.0	12.0	11.0	15.0	16.0	23.0	54.0	32.0	55.0	27.0	41.0	24.0	35.0	4.0	11.0	11.0	11.0	8.0	8.0	8.0	10.0
alpha_rarefaction_2009_3.txt	2009	3	54.0	71.0	19.0	26.0	7.0	15.0	16.0	14.0	17.0	9.0	16.0	11.0	12.0	14.0	19.0	12.0	13.0	11.0	16.0	16.0	10.0	13.0	9.0	14.0	15.0	23.0	53.0	30.0	57.0	22.0	41.0	30.0	39.0	4.0	12.0	11.0	11.0	7.0	9.0	7.0	13.0
alpha_rarefaction_2009_4.txt	2009	4	48.0	72.0	20.0	25.0	7.0	15.0	16.0	10.0	19.0	9.0	15.0	13.0	14.0	13.0	17.0	12.0	14.0	14.0	16.0	14.0	7.0	14.0	9.0	17.0	14.0	21.0	57.0	32.0	56.0	24.0	41.0	26.0	38.0	4.0	10.0	10.0	11.0	12.0	7.0	6.0	11.0
alpha_rarefaction_2009_5.txt	2009	5	55.0	66.0	19.0	24.0	8.0	18.0	14.0	12.0	17.0	14.0	17.0	9.0	9.0	14.0	18.0	12.0	15.0	15.0	16.0	15.0	16.0	14.0	13.0	14.0	12.0	21.0	53.0	37.0	68.0	31.0	38.0	31.0	38.0	6.0	14.0	13.0	14.0	9.0	6.0	6.0	12.0
alpha_rarefaction_2009_6.txt	2009	6	48.0	65.0	20.0	29.0	13.0	17.0	17.0	10.0	17.0	9.0	17.0	11.0	8.0	13.0	16.0	10.0	17.0	13.0	14.0	14.0	9.0	12.0	9.0	14.0	18.0	23.0	61.0	32.0	57.0	27.0	38.0	29.0	37.0	5.0	11.0	10.0	11.0	9.0	6.0	5.0	11.0
alpha_rarefaction_2009_7.txt	2009	7	54.0	69.0	19.0	25.0	10.0	15.0	14.0	10.0	16.0	17.0	15.0	8.0	12.0	13.0	15.0	9.0	18.0	17.0	13.0	18.0	9.0	12.0	9.0	19.0	13.0	22.0	56.0	33.0	58.0	25.0	42.0	26.0	32.0	5.0	11.0	11.0	11.0	11.0	10.0	7.0	12.0
alpha_rarefaction_2009_8.txt	2009	8	52.0	74.0	20.0	26.0	8.0	14.0	13.0	12.0	16.0	7.0	17.0	9.0	11.0	18.0	16.0	13.0	15.0	17.0	13.0	15.0	8.0	13.0	11.0	14.0	17.0	22.0	52.0	34.0	63.0	24.0	38.0	27.0	35.0	5.0	10.0	12.0	13.0	12.0	8.0	8.0	11.0
alpha_rarefaction_2009_9.txt	2009	9	43.0	68.0	19.0	24.0	11.0	13.0	14.0	13.0	17.0	10.0	17.0	12.0	9.0	13.0	16.0	13.0	14.0	13.0	15.0	16.0	10.0	14.0	9.0	14.0	13.0	25.0	53.0	39.0	66.0	26.0	39.0	29.0	42.0	6.0	13.0	11.0	13.0	9.0	10.0	10.0	10.0
alpha_rarefaction_4008_0.txt	4008	0	73.0	84.0	21.0	30.0	12.0	19.0	16.0	12.0	20.0	17.0	18.0	14.0	13.0	20.0	19.0	15.0	16.0	17.0	17.0	21.0	17.0	14.0	14.0	17.0	16.0	27.0	69.0	40.0	73.0	31.0	50.0	39.0	48.0	7.0	13.0	13.0	14.0	13.0	11.0	10.0	13.0
alpha_rarefaction_4008_1.txt	4008	1	63.0	86.0	22.0	34.0	10.0	18.0	18.0	14.0	17.0	10.0	20.0	13.0	13.0	16.0	19.0	14.0	21.0	20.0	20.0	23.0	10.0	18.0	15.0	24.0	16.0	28.0	73.0	41.0	71.0	28.0	51.0	37.0	47.0	8.0	14.0	11.0	15.0	11.0	9.0	12.0	10.0
alpha_rarefaction_4008_2.txt	4008	2	61.0	79.0	19.0	33.0	10.0	17.0	18.0	12.0	22.0	8.0	23.0	16.0	12.0	17.0	18.0	18.0	22.0	21.0	14.0	22.0	16.0	13.0	12.0	25.0	15.0	28.0	63.0	40.0	79.0	30.0	50.0	33.0	45.0	10.0	13.0	13.0	15.0	14.0	10.0	6.0	12.0
alpha_rarefaction_4008_3.txt	4008	3	62.0	85.0	22.0	32.0	10.0	14.0	19.0	16.0	17.0	13.0	21.0	11.0	18.0	19.0	20.0	11.0	20.0	20.0	15.0	22.0	15.0	14.0	11.0	21.0	21.0	29.0	65.0	38.0	71.0	34.0	49.0	38.0	44.0	8.0	13.0	11.0	14.0	10.0	7.0	8.0	11.0
alpha_rarefaction_4008_4.txt	4008	4	65.0	85.0	20.0	32.0	14.0	16.0	20.0	14.0	21.0	16.0	20.0	13.0	15.0	20.0	16.0	17.0	23.0	19.0	19.0	19.0	16.0	17.0	13.0	22.0	14.0	26.0	76.0	45.0	78.0	38.0	46.0	33.0	42.0	9.0	15.0	12.0	16.0	9.0	8.0	8.0	15.0
alpha_rarefaction_4008_5.txt	4008	5	68.0	85.0	23.0	30.0	13.0	18.0	14.0	15.0	23.0	14.0	16.0	12.0	12.0	22.0	21.0	15.0	21.0	18.0	16.0	19.0	13.0	13.0	12.0	19.0	19.0	25.0	67.0	45.0	76.0	36.0	43.0	36.0	44.0	8.0	14.0	12.0	14.0	11.0	10.0	8.0	13.0
alpha_rarefaction_4008_6.txt	4008	6	64.0	87.0	24.0	27.0	12.0	16.0	20.0	13.0	25.0	11.0	21.0	13.0	14.0	16.0	19.0	18.0	17.0	16.0	20.0	19.0	11.0	17.0	15.0	21.0	16.0	27.0	64.0	43.0	65.0	39.0	50.0	41.0	44.0	7.0	13.0	12.0	14.0	11.0	8.0	14.0	12.0
alpha_rarefaction_4008_7.txt	4008	7	62.0	87.0	21.0	31.0	12.0	19.0	18.0	15.0	21.0	12.0	22.0	15.0	14.0	19.0	18.0	18.0	17.0	22.0	20.0	18.0	12.0	14.0	9.0	22.0	17.0	28.0	73.0	40.0	71.0	32.0	52.0	39.0	45.0	9.0	14.0	14.0	12.0	13.0	8.0	8.0	15.0
alpha_rarefaction_4008_8.txt	4008	8	63.0	86.0	24.0	30.0	11.0	18.0	18.0	15.0	18.0	9.0	23.0	12.0	16.0	15.0	16.0	15.0	18.0	18.0	17.0	19.0	12.0	16.0	14.0	21.0	18.0	28.0	72.0	38.0	73.0	35.0	44.0	35.0	45.0	9.0	12.0	14.0	12.0	11.0	9.0	7.0	14.0
alpha_rarefaction_4008_9.txt	4008	9	65.0	88.0	24.0	36.0	10.0	21.0	22.0	10.0	21.0	17.0	21.0	14.0	17.0	19.0	18.0	12.0	23.0	16.0	21.0	21.0	16.0	15.0	13.0	19.0	15.0	28.0	67.0	39.0	73.0	33.0	48.0	40.0	45.0	8.0	13.0	13.0	15.0	11.0	9.0	13.0	15.0
alpha_rarefaction_6007_0.txt	6007	0	73.0	97.0	24.0	36.0	14.0	20.0	21.0	17.0	27.0	16.0	26.0	15.0	15.0	21.0	22.0	14.0	27.0	26.0	21.0	23.0	20.0	17.0	17.0	24.0	19.0	36.0	76.0	44.0	83.0	37.0	53.0	44.0	53.0	6.0	19.0	14.0	17.0	12.0	12.0	9.0	12.0
alpha_rarefaction_6007_1.txt	6007	1	81.0	100.0	23.0	37.0	16.0	20.0	24.0	17.0	18.0	14.0	19.0	13.0	12.0	17.0	20.0	19.0	17.0	22.0	20.0	25.0	17.0	16.0	14.0	21.0	23.0	30.0	74.0	46.0	83.0	33.0	58.0	45.0	59.0	10.0	16.0	17.0	20.0	15.0	10.0	14.0	12.0
alpha_rarefaction_6007_2.txt	6007	2	68.0	96.0	21.0	38.0	16.0	18.0	22.0	18.0	24.0	15.0	22.0	15.0	18.0	20.0	20.0	17.0	26.0	23.0	18.0	22.0	19.0	16.0	18.0	20.0	19.0	31.0	70.0	46.0	78.0	38.0	58.0	43.0	55.0	9.0	13.0	13.0	16.0	16.0	12.0	14.0	14.0
alpha_rarefaction_6007_3.txt	6007	3	75.0	107.0	23.0	42.0	13.0	23.0	21.0	16.0	26.0	18.0	24.0	13.0	16.0	18.0	19.0	19.0	20.0	26.0	18.0	23.0	19.0	16.0	14.0	23.0	19.0	31.0	79.0	47.0	87.0	40.0	56.0	45.0	55.0	8.0	13.0	12.0	15.0	14.0	11.0	14.0	15.0
alpha_rarefaction_6007_4.txt	6007	4	70.0	94.0	25.0	34.0	21.0	21.0	21.0	16.0	21.0	19.0	22.0	16.0	18.0	20.0	22.0	16.0	22.0	24.0	21.0	23.0	16.0	20.0	19.0	26.0	20.0	30.0	73.0	49.0	83.0	39.0	57.0	43.0	53.0	9.0	14.0	14.0	15.0	13.0	8.0	10.0	15.0
alpha_rarefaction_6007_5.txt	6007	5	77.0	97.0	24.0	39.0	17.0	27.0	16.0	15.0	22.0	18.0	20.0	16.0	19.0	20.0	17.0	19.0	28.0	20.0	22.0	28.0	19.0	14.0	18.0	22.0	18.0	32.0	77.0	51.0	82.0	36.0	53.0	46.0	55.0	10.0	21.0	12.0	20.0	13.0	9.0	13.0	12.0
alpha_rarefaction_6007_6.txt	6007	6	72.0	97.0	22.0	37.0	15.0	16.0	23.0	19.0	28.0	14.0	26.0	17.0	16.0	18.0	18.0	17.0	27.0	23.0	18.0	22.0	19.0	16.0	13.0	24.0	17.0	32.0	66.0	43.0	81.0	32.0	58.0	48.0	59.0	9.0	16.0	14.0	17.0	13.0	10.0	13.0	14.0
alpha_rarefaction_6007_7.txt	6007	7	71.0	96.0	23.0	36.0	13.0	25.0	26.0	17.0	21.0	14.0	22.0	19.0	16.0	20.0	19.0	20.0	23.0	20.0	18.0	25.0	14.0	18.0	18.0	20.0	17.0	34.0	74.0	48.0	85.0	37.0	54.0	46.0	52.0	6.0	17.0	13.0	12.0	13.0	9.0	14.0	14.0
alpha_rarefaction_6007_8.txt	6007	8	72.0	98.0	25.0	39.0	16.0	23.0	21.0	15.0	21.0	14.0	23.0	15.0	16.0	21.0	19.0	19.0	23.0	22.0	19.0	24.0	19.0	15.0	17.0	23.0	19.0	34.0	76.0	47.0	93.0	34.0	58.0	41.0	46.0	6.0	15.0	13.0	16.0	12.0	12.0	13.0	15.0
alpha_rarefaction_6007_9.txt	6007	9	78.0	91.0	25.0	35.0	14.0	24.0	16.0	18.0	27.0	14.0	25.0	13.0	17.0	17.0	19.0	21.0	24.0	20.0	21.0	22.0	20.0	17.0	17.0	23.0	25.0	31.0	73.0	48.0	83.0	37.0	57.0	43.0	51.0	11.0	15.0	13.0	17.0	15.0	12.0	15.0	12.0
alpha_rarefaction_8006_0.txt	8006	0	81.0	102.0	25.0	38.0	21.0	25.0	29.0	16.0	27.0	18.0	28.0	22.0	21.0	18.0	21.0	24.0	28.0	28.0	19.0	24.0	19.0	17.0	17.0	25.0	24.0	35.0	80.0	46.0	92.0	42.0	57.0	50.0	60.0	11.0	15.0	14.0	19.0	14.0	11.0	10.0	13.0
alpha_rarefaction_8006_1.txt	8006	1	86.0	106.0	24.0	42.0	16.0	22.0	26.0	20.0	29.0	20.0	26.0	17.0	14.0	25.0	21.0	17.0	32.0	26.0	28.0	26.0	25.0	19.0	16.0	25.0	23.0	34.0	81.0	50.0	88.0	38.0	62.0	49.0	57.0	10.0	13.0	12.0	15.0	17.0	12.0	9.0	18.0
alpha_rarefaction_8006_2.txt	8006	2	79.0	107.0	25.0	38.0	19.0	25.0	21.0	18.0	32.0	16.0	25.0	16.0	22.0	24.0	22.0	17.0	26.0	26.0	28.0	23.0	17.0	18.0	21.0	23.0	21.0	32.0	80.0	52.0	90.0	42.0	64.0	45.0	56.0	7.0	20.0	16.0	16.0	13.0	11.0	13.0	14.0
alpha_rarefaction_8006_3.txt	8006	3	80.0	105.0	24.0	39.0	18.0	24.0	24.0	13.0	26.0	17.0	23.0	17.0	19.0	19.0	21.0	18.0	26.0	23.0	26.0	27.0	20.0	16.0	22.0	29.0	26.0	31.0	77.0	52.0	93.0	37.0	58.0	51.0	53.0	9.0	16.0	16.0	17.0	12.0	15.0	15.0	17.0
alpha_rarefaction_8006_4.txt	8006	4	88.0	101.0	23.0	42.0	18.0	22.0	24.0	19.0	30.0	17.0	27.0	23.0	20.0	25.0	25.0	19.0	29.0	23.0	25.0	25.0	19.0	21.0	16.0	24.0	22.0	32.0	82.0	52.0	84.0	42.0	66.0	48.0	57.0	9.0	17.0	17.0	22.0	12.0	12.0	14.0	16.0
alpha_rarefaction_8006_5.txt	8006	5	78.0	98.0	27.0	41.0	24.0	23.0	21.0	21.0	33.0	15.0	24.0	17.0	14.0	22.0	21.0	23.0	27.0	24.0	26.0	26.0	23.0	19.0	17.0	26.0	24.0	36.0	76.0	46.0	91.0	43.0	60.0	50.0	57.0	9.0	17.0	17.0	17.0	10.0	12.0	16.0	18.0
alpha_rarefaction_8006_6.txt	8006	6	83.0	104.0	24.0	37.0	18.0	30.0	28.0	18.0	27.0	17.0	25.0	18.0	18.0	27.0	23.0	21.0	25.0	25.0	21.0	28.0	26.0	20.0	20.0	24.0	21.0	31.0	79.0	51.0	94.0	44.0	65.0	48.0	60.0	6.0	18.0	16.0	20.0	13.0	10.0	12.0	15.0
alpha_rarefaction_8006_7.txt	8006	7	79.0	100.0	25.0	40.0	16.0	23.0	29.0	19.0	23.0	20.0	25.0	15.0	16.0	21.0	18.0	21.0	30.0	26.0	23.0	28.0	22.0	19.0	20.0	28.0	25.0	27.0	86.0	48.0	89.0	42.0	60.0	54.0	56.0	10.0	15.0	18.0	17.0	15.0	11.0	17.0	19.0
alpha_rarefaction_8006_8.txt	8006	8	79.0	103.0	23.0	43.0	19.0	23.0	16.0	18.0	28.0	22.0	26.0	18.0	15.0	23.0	20.0	21.0	29.0	30.0	20.0	28.0	23.0	16.0	18.0	25.0	22.0	34.0	76.0	48.0	90.0	41.0	57.0	48.0	59.0	10.0	16.0	14.0	16.0	9.0	10.0	13.0	16.0
alpha_rarefaction_8006_9.txt	8006	9	81.0	102.0	26.0	37.0	17.0	27.0	22.0	23.0	26.0	18.0	30.0	21.0	13.0	20.0	19.0	22.0	22.0	26.0	26.0	28.0	20.0	15.0	15.0	20.0	26.0	36.0	79.0	49.0	84.0	42.0	62.0	51.0	55.0	9.0	16.0	14.0	15.0	13.0	15.0	10.0	16.0
alpha_rarefaction_10005_0.txt	10005	0	78.0	107.0	25.0	41.0	21.0	26.0	30.0	20.0	31.0	22.0	27.0	18.0	22.0	19.0	21.0	21.0	31.0	32.0	27.0	29.0	25.0	19.0	19.0	29.0	21.0	33.0	85.0	50.0	94.0	44.0	61.0	53.0	53.0	9.0	19.0	15.0	17.0	19.0	8.0	17.0	17.0
alpha_rarefaction_10005_1.txt	10005	1	86.0	109.0	26.0	46.0	22.0	26.0	30.0	29.0	31.0	18.0	21.0	19.0	23.0	24.0	26.0	18.0	29.0	28.0	32.0	29.0	22.0	23.0	23.0	27.0	23.0	34.0	82.0	50.0	96.0	41.0	67.0	53.0	57.0	10.0	17.0	17.0	17.0	11.0	14.0	14.0	15.0
alpha_rarefaction_10005_2.txt	10005	2	83.0	113.0	26.0	38.0	19.0	26.0	25.0	20.0	33.0	17.0	30.0	27.0	22.0	22.0	22.0	28.0	27.0	30.0	28.0	30.0	19.0	23.0	22.0	25.0	26.0	33.0	84.0	55.0	94.0	47.0	67.0	58.0	53.0	11.0	24.0	15.0	14.0	13.0	12.0	11.0	16.0
alpha_rarefaction_10005_3.txt	10005	3	80.0	105.0	27.0	41.0	19.0	29.0	26.0	21.0	31.0	19.0	27.0	21.0	19.0	26.0	23.0	21.0	32.0	29.0	30.0	25.0	23.0	21.0	19.0	30.0	25.0	37.0	81.0	56.0	92.0	46.0	68.0	54.0	62.0	10.0	18.0	14.0	19.0	14.0	13.0	15.0	18.0
alpha_rarefaction_10005_4.txt	10005	4	87.0	108.0	25.0	38.0	18.0	25.0	29.0	18.0	31.0	17.0	25.0	19.0	17.0	23.0	22.0	24.0	28.0	26.0	25.0	28.0	21.0	19.0	20.0	27.0	21.0	36.0	86.0	54.0	95.0	43.0	61.0	48.0	61.0	11.0	18.0	16.0	20.0	16.0	12.0	14.0	17.0
alpha_rarefaction_10005_5.txt	10005	5	86.0	114.0	24.0	44.0	17.0	30.0	26.0	24.0	27.0	16.0	33.0	16.0	27.0	23.0	20.0	24.0	24.0	23.0	29.0	30.0	22.0	20.0	22.0	32.0	23.0	36.0	84.0	54.0	97.0	39.0	63.0	55.0	62.0	13.0	18.0	16.0	20.0	13.0	10.0	15.0	19.0
alpha_rarefaction_10005_6.txt	10005	6	84.0	111.0	23.0	38.0	19.0	26.0	30.0	19.0	27.0	20.0	28.0	19.0	22.0	25.0	22.0	23.0	32.0	32.0	27.0	32.0	16.0	17.0	19.0	30.0	26.0	34.0	83.0	58.0	93.0	43.0	64.0	55.0	60.0	13.0	18.0	14.0	21.0	12.0	13.0	18.0	20.0
alpha_rarefaction_10005_7.txt	10005	7	87.0	113.0	26.0	45.0	20.0	26.0	26.0	26.0	29.0	21.0	33.0	18.0	22.0	26.0	22.0	23.0	32.0	29.0	29.0	24.0	21.0	19.0	24.0	25.0	25.0	39.0	85.0	55.0	93.0	42.0	62.0	56.0	59.0	10.0	19.0	16.0	22.0	14.0	12.0	19.0	17.0
alpha_rarefaction_10005_8.txt	10005	8	85.0	114.0	24.0	43.0	16.0	25.0	24.0	26.0	29.0	17.0	25.0	22.0	17.0	25.0	25.0	28.0	25.0	29.0	27.0	30.0	22.0	22.0	21.0	27.0	25.0	39.0	84.0	53.0	98.0	42.0	65.0	54.0	64.0	11.0	18.0	17.0	17.0	18.0	13.0	15.0	15.0
alpha_rarefaction_10005_9.txt	10005	9	87.0	111.0	24.0	43.0	20.0	24.0	24.0	16.0	34.0	23.0	30.0	23.0	17.0	24.0	25.0	22.0	30.0	25.0	27.0	26.0	27.0	15.0	20.0	26.0	27.0	38.0	79.0	56.0	90.0	41.0	61.0	49.0	64.0	11.0	19.0	19.0	15.0	15.0	10.0	18.0	19.0
alpha_rarefaction_12004_0.txt	12004	0	87.0	117.0	26.0	49.0	22.0	29.0	29.0	22.0	26.0	27.0	31.0	23.0	24.0	27.0	24.0	24.0	31.0	30.0	34.0	26.0	26.0	19.0	30.0	30.0	25.0	38.0	89.0	57.0	99.0	45.0	62.0	58.0	63.0	12.0	19.0	14.0	17.0	14.0	10.0	17.0	22.0
alpha_rarefaction_12004_1.txt	12004	1	87.0	114.0	26.0	43.0	23.0	25.0	30.0	22.0	33.0	20.0	33.0	21.0	24.0	27.0	24.0	20.0	29.0	34.0	29.0	32.0	23.0	16.0	25.0	32.0	22.0	38.0	89.0	59.0	91.0	49.0	69.0	64.0	64.0	14.0	21.0	18.0	18.0	17.0	16.0	17.0	17.0
alpha_rarefaction_12004_2.txt	12004	2	86.0	117.0	28.0	48.0	19.0	28.0	34.0	28.0	32.0	18.0	30.0	22.0	21.0	28.0	21.0	30.0	28.0	29.0	32.0	30.0	23.0	18.0	25.0	29.0	26.0	36.0	89.0	53.0	102.0	47.0	68.0	58.0	65.0	13.0	24.0	16.0	21.0	17.0	12.0	16.0	21.0
alpha_rarefaction_12004_3.txt	12004	3	89.0	117.0	28.0	48.0	23.0	26.0	31.0	23.0	31.0	26.0	27.0	20.0	24.0	27.0	24.0	27.0	32.0	36.0	37.0	34.0	28.0	19.0	27.0	32.0	22.0	39.0	90.0	50.0	94.0	45.0	68.0	53.0	68.0	12.0	17.0	17.0	22.0	13.0	13.0	15.0	17.0
alpha_rarefaction_12004_4.txt	12004	4	89.0	113.0	27.0	46.0	23.0	27.0	30.0	23.0	33.0	30.0	30.0	22.0	18.0	25.0	22.0	33.0	34.0	32.0	30.0	31.0	26.0	21.0	25.0	32.0	25.0	40.0	87.0	56.0	96.0	44.0	64.0	55.0	59.0	12.0	18.0	18.0	20.0	15.0	15.0	18.0	19.0
alpha_rarefaction_12004_5.txt	12004	5	91.0	111.0	26.0	48.0	25.0	29.0	28.0	23.0	34.0	22.0	33.0	26.0	22.0	29.0	23.0	26.0	30.0	30.0	34.0	28.0	27.0	25.0	24.0	25.0	28.0	41.0	86.0	59.0	93.0	40.0	63.0	59.0	61.0	12.0	19.0	21.0	17.0	17.0	13.0	16.0	19.0
alpha_rarefaction_12004_6.txt	12004	6	84.0	117.0	27.0	46.0	23.0	30.0	29.0	22.0	33.0	24.0	25.0	25.0	22.0	26.0	26.0	25.0	32.0	33.0	28.0	28.0	22.0	22.0	23.0	27.0	24.0	35.0	86.0	54.0	98.0	49.0	69.0	51.0	67.0	13.0	20.0	17.0	23.0	17.0	11.0	19.0	14.0
alpha_rarefaction_12004_7.txt	12004	7	82.0	117.0	27.0	45.0	20.0	25.0	35.0	26.0	28.0	25.0	30.0	25.0	25.0	24.0	24.0	25.0	31.0	31.0	32.0	30.0	28.0	22.0	24.0	28.0	31.0	38.0	86.0	55.0	97.0	48.0	65.0	50.0	66.0	11.0	18.0	20.0	22.0	12.0	12.0	19.0	20.0
alpha_rarefaction_12004_8.txt	12004	8	91.0	113.0	27.0	46.0	18.0	27.0	24.0	21.0	31.0	27.0	36.0	17.0	27.0	28.0	26.0	28.0	33.0	31.0	29.0	33.0	22.0	19.0	22.0	26.0	28.0	39.0	88.0	57.0	97.0	45.0	64.0	56.0	65.0	12.0	22.0	17.0	18.0	16.0	13.0	16.0	17.0
alpha_rarefaction_12004_9.txt	12004	9	85.0	113.0	27.0	48.0	22.0	25.0	30.0	18.0	35.0	23.0	26.0	20.0	28.0	27.0	25.0	26.0	33.0	27.0	26.0	28.0	27.0	23.0	22.0	29.0	29.0	39.0	87.0	53.0	98.0	47.0	65.0	60.0	65.0	14.0	20.0	17.0	18.0	14.0	13.0	16.0	20.0
alpha_rarefaction_14003_0.txt	14003	0	95.0	116.0	29.0	49.0	23.0	32.0	29.0	27.0	32.0	24.0	31.0	21.0	21.0	30.0	24.0	24.0	34.0	34.0	35.0	33.0	28.0	22.0	25.0	32.0	28.0	38.0	89.0	60.0	100.0	49.0	65.0	59.0	67.0	13.0	23.0	22.0	18.0	18.0	14.0	17.0	20.0
alpha_rarefaction_14003_1.txt	14003	1	93.0	117.0	26.0	45.0	24.0	27.0	33.0	28.0	38.0	24.0	30.0	23.0	25.0	31.0	25.0	20.0	35.0	34.0	30.0	32.0	26.0	27.0	27.0	32.0	20.0	39.0	89.0	57.0	100.0	46.0	69.0	60.0	66.0	11.0	19.0	18.0	18.0	16.0	15.0	18.0	22.0
alpha_rarefaction_14003_2.txt	14003	2	95.0	115.0	28.0	52.0	22.0	31.0	26.0	25.0	35.0	21.0	25.0	26.0	24.0	28.0	27.0	26.0	34.0	30.0	29.0	35.0	26.0	24.0	28.0	26.0	30.0	39.0	89.0	59.0	102.0	46.0	73.0	59.0	65.0	10.0	21.0	19.0	23.0	15.0	13.0	18.0	19.0
alpha_rarefaction_14003_3.txt	14003	3	89.0	118.0	25.0	46.0	20.0	27.0	25.0	30.0	35.0	25.0	28.0	25.0	21.0	26.0	23.0	24.0	36.0	32.0	30.0	32.0	25.0	24.0	28.0	30.0	23.0	41.0	88.0	56.0	101.0	47.0	69.0	61.0	70.0	13.0	20.0	19.0	17.0	16.0	12.0	13.0	25.0
alpha_rarefaction_14003_4.txt	14003	4	93.0	119.0	25.0	49.0	19.0	29.0	33.0	24.0	36.0	29.0	30.0	28.0	24.0	31.0	23.0	27.0	31.0	31.0	34.0	33.0	29.0	18.0	25.0	31.0	27.0	40.0	91.0	56.0	99.0	49.0	73.0	62.0	63.0	13.0	20.0	16.0	20.0	17.0	11.0	18.0	25.0
alpha_rarefaction_14003_5.txt	14003	5	94.0	115.0	27.0	54.0	26.0	35.0	30.0	25.0	33.0	24.0	33.0	21.0	24.0	32.0	27.0	27.0	33.0	35.0	31.0	30.0	21.0	22.0	21.0	29.0	33.0	40.0	93.0	61.0	97.0	45.0	69.0	63.0	66.0	13.0	24.0	21.0	23.0	13.0	13.0	18.0	22.0
alpha_rarefaction_14003_6.txt	14003	6	87.0	118.0	27.0	52.0	25.0	32.0	35.0	24.0	33.0	24.0	32.0	23.0	23.0	33.0	23.0	32.0	34.0	30.0	28.0	27.0	24.0	21.0	23.0	33.0	26.0	39.0	89.0	61.0	96.0	50.0	66.0	63.0	65.0	10.0	20.0	17.0	20.0	17.0	14.0	16.0	19.0
alpha_rarefaction_14003_7.txt	14003	7	93.0	118.0	27.0	48.0	23.0	28.0	24.0	21.0	33.0	20.0	31.0	19.0	28.0	35.0	27.0	30.0	33.0	34.0	32.0	30.0	28.0	20.0	27.0	35.0	27.0	36.0	92.0	61.0	102.0	51.0	70.0	60.0	63.0	12.0	21.0	18.0	20.0	18.0	14.0	20.0	24.0
alpha_rarefaction_14003_8.txt	14003	8	92.0	122.0	27.0	51.0	19.0	32.0	29.0	27.0	37.0	23.0	33.0	30.0	29.0	30.0	25.0	26.0	30.0	31.0	31.0	31.0	29.0	22.0	21.0	32.0	25.0	41.0	95.0	60.0	103.0	44.0	73.0	57.0	69.0	12.0	18.0	16.0	19.0	19.0	14.0	19.0	19.0
alpha_rarefaction_14003_9.txt	14003	9	93.0	120.0	27.0	47.0	31.0	31.0	31.0	24.0	31.0	24.0	31.0	22.0	25.0	26.0	22.0	29.0	38.0	29.0	33.0	35.0	27.0	21.0	26.0	30.0	24.0	40.0	86.0	58.0	100.0	50.0	68.0	56.0	64.0	10.0	21.0	17.0	22.0	17.0	13.0	16.0	20.0
alpha_rarefaction_16002_0.txt	16002	0	93.0	122.0	27.0	51.0	22.0	35.0	32.0	31.0	34.0	24.0	36.0	28.0	27.0	34.0	27.0	29.0	38.0	35.0	31.0	36.0	20.0	24.0	29.0	31.0	30.0	39.0	95.0	57.0	107.0	47.0	74.0	62.0	73.0	12.0	25.0	20.0	26.0	22.0	13.0	19.0	24.0
alpha_rarefaction_16002_1.txt	16002	1	103.0	121.0	26.0	53.0	27.0	29.0	32.0	30.0	35.0	28.0	30.0	27.0	23.0	34.0	24.0	31.0	31.0	36.0	32.0	40.0	24.0	29.0	24.0	41.0	27.0	42.0	92.0	61.0	102.0	48.0	73.0	63.0	69.0	11.0	24.0	20.0	26.0	19.0	13.0	20.0	18.0
alpha_rarefaction_16002_2.txt	16002	2	104.0	123.0	29.0	51.0	27.0	29.0	32.0	29.0	37.0	22.0	37.0	21.0	29.0	34.0	27.0	29.0	36.0	34.0	36.0	34.0	35.0	26.0	23.0	38.0	24.0	42.0	92.0	61.0	104.0	50.0	72.0	61.0	70.0	13.0	22.0	19.0	21.0	17.0	14.0	18.0	22.0
alpha_rarefaction_16002_3.txt	16002	3	100.0	120.0	29.0	54.0	23.0	37.0	30.0	23.0	34.0	26.0	40.0	25.0	25.0	31.0	26.0	31.0	38.0	39.0	30.0	38.0	30.0	24.0	28.0	34.0	34.0	42.0	93.0	60.0	103.0	48.0	70.0	62.0	74.0	12.0	25.0	21.0	22.0	14.0	17.0	21.0	22.0
alpha_rarefaction_16002_4.txt	16002	4	94.0	120.0	26.0	55.0	24.0	38.0	35.0	26.0	30.0	32.0	35.0	26.0	23.0	29.0	26.0	29.0	37.0	34.0	32.0	35.0	30.0	24.0	20.0	31.0	31.0	37.0	94.0	61.0	104.0	47.0	71.0	63.0	70.0	12.0	23.0	17.0	23.0	17.0	13.0	20.0	21.0
alpha_rarefaction_16002_5.txt	16002	5	94.0	118.0	27.0	53.0	28.0	33.0	30.0	30.0	35.0	29.0	29.0	22.0	22.0	33.0	22.0	27.0	35.0	30.0	31.0	36.0	30.0	26.0	20.0	29.0	32.0	43.0	93.0	60.0	103.0	48.0	72.0	68.0	68.0	12.0	23.0	19.0	24.0	15.0	15.0	21.0	22.0
alpha_rarefaction_16002_6.txt	16002	6	92.0	121.0	29.0	52.0	26.0	31.0	36.0	30.0	32.0	27.0	34.0	24.0	23.0	32.0	22.0	24.0	32.0	31.0	28.0	34.0	28.0	23.0	22.0	34.0	26.0	43.0	95.0	61.0	102.0	51.0	70.0	57.0	65.0	12.0	24.0	21.0	20.0	17.0	13.0	22.0	22.0
alpha_rarefaction_16002_7.txt	16002	7	90.0	121.0	26.0	51.0	23.0	36.0	30.0	29.0	36.0	32.0	30.0	28.0	21.0	29.0	22.0	29.0	41.0	36.0	29.0	37.0	28.0	24.0	28.0	29.0	31.0	42.0	90.0	57.0	105.0	48.0	73.0	59.0	71.0	12.0	21.0	19.0	26.0	17.0	11.0	18.0	23.0
alpha_rarefaction_16002_8.txt	16002	8	93.0	126.0	27.0	50.0	27.0	33.0	32.0	26.0	35.0	27.0	38.0	22.0	23.0	29.0	26.0	31.0	33.0	36.0	31.0	35.0	27.0	23.0	29.0	31.0	30.0	42.0	92.0	61.0	101.0	50.0	71.0	61.0	69.0	13.0	26.0	21.0	20.0	18.0	13.0	22.0	19.0
alpha_rarefaction_16002_9.txt	16002	9	93.0	117.0	29.0	47.0	26.0	30.0	29.0	25.0	40.0	22.0	41.0	22.0	26.0	33.0	26.0	33.0	34.0	29.0	29.0	36.0	27.0	21.0	30.0	37.0	27.0	46.0	92.0	59.0	102.0	51.0	69.0	67.0	73.0	13.0	24.0	18.0	22.0	17.0	14.0	19.0	23.0
alpha_rarefaction_18001_0.txt	18001	0	97.0	125.0	28.0	54.0	21.0	35.0	31.0	24.0	33.0	22.0	34.0	27.0	27.0	33.0	27.0	36.0	38.0	36.0	35.0	39.0	33.0	25.0	27.0	37.0	34.0	42.0	97.0	62.0	105.0	51.0	73.0	65.0	72.0	13.0	27.0	24.0	21.0	19.0	14.0	22.0	20.0
alpha_rarefaction_18001_1.txt	18001	1	93.0	126.0	31.0	53.0	28.0	29.0	37.0	34.0	39.0	29.0	31.0	30.0	23.0	33.0	26.0	33.0	44.0	44.0	31.0	33.0	31.0	27.0	29.0	36.0	28.0	40.0	95.0	61.0	107.0	52.0	73.0	62.0	72.0	13.0	24.0	22.0	24.0	20.0	15.0	18.0	21.0
alpha_rarefaction_18001_2.txt	18001	2	96.0	124.0	30.0	51.0	31.0	31.0	36.0	29.0	39.0	27.0	33.0	24.0	27.0	35.0	28.0	32.0	39.0	35.0	33.0	41.0	28.0	27.0	32.0	36.0	37.0	47.0	92.0	64.0	101.0	50.0	71.0	67.0	76.0	14.0	25.0	21.0	21.0	19.0	13.0	17.0	22.0
alpha_rarefaction_18001_3.txt	18001	3	100.0	128.0	29.0	49.0	24.0	35.0	30.0	30.0	36.0	31.0	36.0	25.0	27.0	30.0	25.0	31.0	44.0	33.0	33.0	40.0	29.0	28.0	31.0	34.0	29.0	43.0	92.0	65.0	109.0	51.0	77.0	61.0	73.0	14.0	20.0	21.0	18.0	19.0	15.0	22.0	21.0
alpha_rarefaction_18001_4.txt	18001	4	91.0	129.0	31.0	54.0	29.0	31.0	31.0	34.0	39.0	29.0	35.0	24.0	30.0	38.0	30.0	28.0	37.0	26.0	40.0	38.0	33.0	21.0	27.0	36.0	30.0	40.0	93.0	63.0	106.0	55.0	75.0	70.0	69.0	13.0	21.0	21.0	22.0	19.0	16.0	19.0	20.0
alpha_rarefaction_18001_5.txt	18001	5	96.0	128.0	29.0	53.0	25.0	34.0	33.0	31.0	39.0	29.0	38.0	30.0	29.0	31.0	30.0	31.0	35.0	42.0	35.0	41.0	30.0	24.0	28.0	36.0	27.0	45.0	93.0	65.0	105.0	52.0	77.0	67.0	73.0	14.0	21.0	18.0	21.0	18.0	16.0	19.0	24.0
alpha_rarefaction_18001_6.txt	18001	6	102.0	123.0	30.0	51.0	25.0	38.0	32.0	27.0	35.0	29.0	36.0	26.0	27.0	31.0	27.0	30.0	33.0	40.0	36.0	34.0	27.0	29.0	26.0	34.0	30.0	42.0	92.0	58.0	109.0	52.0	76.0	67.0	69.0	13.0	21.0	21.0	27.0	19.0	15.0	17.0	23.0
alpha_rarefaction_18001_7.txt	18001	7	97.0	118.0	30.0	53.0	25.0	36.0	28.0	28.0	40.0	28.0	32.0	23.0	22.0	32.0	26.0	31.0	38.0	38.0	29.0	38.0	28.0	27.0	25.0	31.0	31.0	43.0	93.0	63.0	108.0	51.0	73.0	64.0	74.0	14.0	25.0	17.0	24.0	18.0	18.0	20.0	26.0
alpha_rarefaction_18001_8.txt	18001	8	95.0	119.0	31.0	56.0	29.0	35.0	36.0	27.0	40.0	30.0	37.0	24.0	30.0	32.0	28.0	34.0	40.0	37.0	32.0	37.0	30.0	26.0	28.0	34.0	31.0	42.0	95.0	66.0	103.0	53.0	77.0	60.0	72.0	12.0	21.0	24.0	25.0	17.0	14.0	22.0	21.0
alpha_rarefaction_18001_9.txt	18001	9	93.0	123.0	30.0	55.0	26.0	30.0	34.0	33.0	36.0	25.0	37.0	27.0	23.0	35.0	26.0	31.0	40.0	38.0	43.0	36.0	25.0	25.0	22.0	31.0	35.0	44.0	96.0	64.0	106.0	47.0	73.0	71.0	69.0	12.0	19.0	21.0	23.0	16.0	14.0	21.0	20.0
alpha_rarefaction_20000_0.txt	20000	0	99.0	130.0	28.0	56.0	29.0	38.0	32.0	42.0	38.0	28.0	36.0	33.0	26.0	36.0	28.0	35.0	41.0	47.0	41.0	42.0	31.0	27.0	30.0	40.0	32.0	46.0	97.0	66.0	107.0	53.0	76.0	74.0	75.0	13.0	24.0	23.0	23.0	20.0	17.0	21.0	24.0
alpha_rarefaction_20000_1.txt	20000	1	102.0	131.0	31.0	57.0	28.0	39.0	39.0	28.0	39.0	28.0	35.0	32.0	33.0	30.0	27.0	33.0	36.0	41.0	33.0	40.0	33.0	23.0	30.0	31.0	29.0	47.0	97.0	59.0	110.0	53.0	78.0	69.0	72.0	14.0	20.0	24.0	22.0	20.0	17.0	21.0	26.0
alpha_rarefaction_20000_2.txt	20000	2	97.0	126.0	27.0	56.0	29.0	31.0	38.0	29.0	39.0	30.0	38.0	29.0	22.0	31.0	24.0	32.0	37.0	43.0	41.0	42.0	30.0	24.0	27.0	37.0	31.0	47.0	97.0	64.0	108.0	54.0	78.0	73.0	73.0	14.0	23.0	25.0	25.0	20.0	17.0	23.0	26.0
alpha_rarefaction_20000_3.txt	20000	3	102.0	128.0	26.0	57.0	28.0	30.0	32.0	29.0	41.0	29.0	33.0	29.0	30.0	38.0	27.0	31.0	41.0	37.0	40.0	34.0	38.0	29.0	26.0	36.0	27.0	45.0	97.0	63.0	104.0	53.0	77.0	68.0	73.0	14.0	26.0	20.0	25.0	18.0	17.0	23.0	17.0
alpha_rarefaction_20000_4.txt	20000	4	100.0	127.0	27.0	56.0	29.0	31.0	34.0	32.0	44.0	25.0	39.0	27.0	28.0	34.0	29.0	38.0	36.0	40.0	38.0	36.0	33.0	21.0	31.0	31.0	33.0	44.0	97.0	59.0	108.0	50.0	76.0	69.0	72.0	14.0	27.0	21.0	29.0	21.0	16.0	20.0	24.0
alpha_rarefaction_20000_5.txt	20000	5	100.0	124.0	29.0	55.0	26.0	33.0	34.0	30.0	38.0	29.0	37.0	23.0	28.0	34.0	27.0	31.0	48.0	35.0	35.0	34.0	30.0	25.0	30.0	31.0	30.0	44.0	97.0	63.0	108.0	56.0	77.0	62.0	75.0	12.0	24.0	20.0	24.0	21.0	14.0	23.0	23.0
alpha_rarefaction_20000_6.txt	20000	6	99.0	126.0	29.0	54.0	27.0	35.0	37.0	31.0	42.0	30.0	36.0	31.0	27.0	34.0	28.0	31.0	36.0	39.0	37.0	34.0	30.0	26.0	26.0	36.0	29.0	44.0	96.0	64.0	108.0	49.0	76.0	62.0	73.0	13.0	24.0	23.0	25.0	21.0	16.0	23.0	22.0
alpha_rarefaction_20000_7.txt	20000	7	100.0	122.0	30.0	57.0	26.0	38.0	35.0	33.0	40.0	29.0	39.0	33.0	28.0	32.0	30.0	30.0	38.0	41.0	31.0	33.0	34.0	25.0	36.0	40.0	30.0	43.0	96.0	67.0	108.0	49.0	78.0	58.0	76.0	14.0	26.0	25.0	26.0	20.0	14.0	22.0	24.0
alpha_rarefaction_20000_8.txt	20000	8	104.0	132.0	25.0	55.0	28.0	36.0	40.0	31.0	36.0	27.0	33.0	32.0	30.0	39.0	26.0	33.0	38.0	41.0	40.0	46.0	30.0	26.0	27.0	42.0	32.0	48.0	96.0	63.0	109.0	51.0	77.0	62.0	73.0	13.0	22.0	23.0	26.0	18.0	17.0	23.0	23.0
alpha_rarefaction_20000_9.txt	20000	9	99.0	129.0	25.0	57.0	32.0	37.0	37.0	32.0	38.0	25.0	41.0	27.0	31.0	35.0	28.0	38.0	39.0	37.0	39.0	33.0	29.0	27.0	32.0	34.0	31.0	39.0	97.0	66.0	106.0	49.0	76.0	67.0	74.0	14.0	24.0	22.0	22.0	19.0	13.0	23.0	23.0