# Constructed from biom file
#OTU ID	424	425	426	427	430	437	447	451	457	757	758	759	760	761	831	836	837	839	844	1016	1017	1018	1019	1020	1031	1032	1033	1034	1035	1040	1138	1139	1140	1142	1145	1153	1154	1155	1156	1157	1162
No blast hit;Other;Other;Other	8.15827044667e-05	0.0	0.0	0.000147058823529	0.000142809539677	3.07144173475e-05	0.0	0.0	0.0	0.0	0.0	0.0	0.0	0.0	3.15616715061e-05	0.0	0.0	0.0	3.00842358604e-05	0.0	0.0	0.0	0.0	0.0	0.0	0.0	0.0	0.0	0.0	0.0	0.0	0.0	0.0	0.0	0.0	0.0	0.0	0.0	0.0	0.0	0.0
k__Fungi;p__Ascomycota;c__Dothideomycetes;o__Botryosphaeriales	0.0	0.0	0.0	0.0	0.0	0.0	0.0	0.0	0.0	0.0	0.0	2.41925728801e-05	0.0	0.0	0.0	0.0	0.0	0.0	0.0	0.0	0.0	0.0	0.0	0.0	0.0	0.0	0.0	0.0	0.0	0.0	0.0	0.0	0.0	0.0	0.0	0.0	0.0	0.0	0.0	0.0	0.0
k__Fungi;p__Ascomycota;c__Dothideomycetes;o__Capnodiales	0.0029369773608	0.000735178280733	0.00353522867738	0.00338235294118	0.0	0.0	0.00247264459287	0.0	0.0	0.0	0.0	0.0	0.0	0.0	0.0	0.0	0.0	0.0	0.0	0.0	0.0	0.0	0.0	0.0	0.0	0.0	0.0	0.0	0.0	0.0	0.0	0.0	0.0	0.0	2.46944067169e-05	0.0	0.0	0.0	0.0	0.0	0.0
k__Fungi;p__Ascomycota;c__Dothideomycetes;o__Pleosporales	0.0260248827249	0.0175129969017	0.0558714462299	0.0582843137255	0.00366544485172	0.0148043491615	0.0	0.0	0.0	0.0	0.0	0.0	0.0	0.0	0.0	0.0	0.0	0.000674642439507	0.0	0.0	0.0	0.0	0.0	0.0	0.0	0.0	0.0	0.0	0.0	0.0	0.0	0.0	0.0	0.0	0.0	0.0	0.0	0.0	0.0	0.0	0.0
k__Fungi;p__Ascomycota;c__Dothideomycetes;o__unidentified	0.0	0.0	0.0	0.0	4.76031798924e-05	0.0	0.0	0.0	0.0	0.0	0.0	0.0	0.0	0.0	0.0	0.0	0.0	0.000314833138437	0.0	0.0	0.0	0.0	0.0	0.0	0.0	0.0	0.0	0.0	0.0	0.0	0.0	0.0	0.0	0.0	0.0	3.21099444498e-05	0.0	2.39492276374e-05	2.04930630981e-05	0.0	0.0
k__Fungi;p__Ascomycota;c__Eurotiomycetes;o__Eurotiales	0.0163573322456	0.110145460274	0.0245735475896	0.00720588235294	0.0	0.0484059217397	0.0	0.0	0.0196176642458	0.0	0.0	0.0	0.0	0.0	0.826663300088	0.865833965	0.690913594518	0.734010974184	0.816395908544	0.0	0.0	0.0	0.0	0.0	0.0	0.0	1.6110583042e-05	0.0	0.0	0.000334700025103	0.0001249796908	0.0	0.0	0.000338817151677	0.0	0.0	2.43908388009e-05	0.000287390731649	0.000286902883374	0.001184366364	0.0
k__Fungi;p__Ascomycota;c__Eurotiomycetes;o__Incertae_sedis	0.0	0.0	0.0	0.0	0.0	3.07144173475e-05	0.0	0.0	4.17397111612e-05	0.0	0.0	0.0	0.0	0.0	0.0	0.0	0.0	0.0	0.0	1.75913872568e-05	0.0	0.0	0.0	0.0	1.87782847915e-05	0.0	0.000112774081294	3.33144551421e-05	0.0	0.0	0.0	0.0	1.47533969697e-05	7.52927003727e-05	0.0	6.42198888996e-05	0.0	0.00656208837265	2.04930630981e-05	0.000531446445382	0.0
k__Fungi;p__Ascomycota;c__Eurotiomycetes;o__Onygenales	0.0	0.0	0.0	0.0	0.0	0.0	0.0	0.0	0.0	0.0	0.0	0.0	0.0	0.0	0.0	0.0	0.0	0.00202392731852	0.0	0.0	0.0	0.0	0.0	0.0	0.0	0.0	0.0	0.0	0.0	0.0	0.0	0.0	0.0	0.0	0.0	0.0	0.0	0.0	0.0	0.0	0.0
k__Fungi;p__Ascomycota;c__Incertae_sedis;o__Incertae_sedis	0.00150928003263	0.000866460116578	0.00195302843016	0.000539215686275	0.0	0.0	0.0	0.0	0.0	0.0	0.0	0.0	0.0	0.0	3.15616715061e-05	0.00477869689879	0.000536680014862	0.00143923720428	0.000782190132371	0.0	0.0	0.0	0.0	0.0	0.0	0.0	0.0	0.0	0.0	0.0	0.0	0.0	0.0	0.0	0.0	0.0	0.0	0.0	0.0	0.0	0.0
k__Fungi;p__Ascomycota;c__Leotiomycetes;o__Helotiales	0.0	2.6256367169e-05	0.000519159456119	0.0	0.0	0.0	0.0	0.0	0.0	0.0	0.0	0.00595137292851	0.0	0.0	0.0	3.29565303365e-05	0.0	0.0	0.0	0.0	0.0	0.0	0.0	0.0	0.0	0.0	0.0	0.0	0.0	0.0	0.0	0.0	0.0	0.0	0.0	0.0	0.0	0.0	0.0	0.0	0.0
k__Fungi;p__Ascomycota;c__Saccharomycetes;o__Saccharomycetales	0.0135019375892	0.246179698577	0.024499381953	0.0190196078431	0.127052887133	0.00482216352356	0.0564445076027	0.488785982478	4.17397111612e-05	0.482722464292	0.0840363937138	0.599782266844	0.157850856878	0.994164349939	0.00135715187476	0.0	0.000495396936796	0.0329675272106	0.00123345367028	0.0160433451782	0.0228097028583	0.0338262903066	0.0497263568864	0.0271317030964	0.0829436839239	0.150099363264	0.214254643876	0.169720491721	0.234308695928	0.998465958218	0.451101695974	0.0155781266655	0.067083696021	0.988743741294	0.035238918385	0.991298205054	0.872094441328	0.972865525087	0.811853187696	0.967095872939	0.94456331453
k__Fungi;p__Ascomycota;c__Sordariomycetes;o__Diaporthales	0.00106057515807	0.0	0.0	0.000147058823529	0.0	0.0	0.0	0.0	0.0	0.0	0.0	0.0	0.0	0.0	0.0	0.000230695712355	0.0	0.0	3.00842358604e-05	0.0	0.0	0.0	0.0	0.0	0.0	0.0	0.0	0.0	0.0	0.0	0.0	0.0	0.0	0.0	0.0	0.0	0.0	0.0	0.0	0.0	0.0
k__Fungi;p__Ascomycota;c__Sordariomycetes;o__Hypocreales	0.314623699776	0.0553221656252	0.159431396786	0.161029411765	0.00290379397344	0.00230358130106	0.0	0.0	0.000166958844645	0.0	0.0013601691021	0.0	0.0	0.000525959876775	0.005176114127	0.00286721813927	0.00148619081039	0.00395790231177	0.000150421179302	0.0	1.6637274149e-05	0.0	0.0	0.0	0.0	0.0	0.0	0.0	0.0	0.0	0.0	0.0	0.0	0.0	0.0	0.0	0.0	0.0	0.0	0.0	0.0
k__Fungi;p__Ascomycota;c__Sordariomycetes;o__Ophiostomatales	0.0	0.0	0.0	0.0	0.0	0.0	0.0	0.0	0.0	0.0	0.0	0.0	0.0	0.0	0.0	0.0	0.0	0.0	0.0	0.0	0.0	0.0	0.0	0.0	0.0	0.0	0.0	0.0	0.0	0.0	0.0	0.0	0.0	0.0	0.0	0.0	0.0	0.0	0.0	0.0	0.0
k__Fungi;p__Ascomycota;c__Sordariomycetes;o__Sordariales	0.0	0.0	0.000420271940667	0.000686274509804	0.0	0.0	0.0	0.0	0.0	0.0	0.0	0.0	0.0	0.0	0.0	0.0	0.0	0.0	0.0	0.0	0.0	0.0	0.0	0.0	0.0	0.0	0.0	0.0	0.0	0.0	0.0	0.0	0.0	0.0	0.0	0.0	0.0	0.0	0.0	0.0	0.0
k__Fungi;p__Ascomycota;c__Sordariomycetes;o__Trichosphaeriales	0.00265143789517	0.00249435488106	0.00242274412855	0.00509803921569	0.0	0.0	0.0	0.0	0.0	0.0	0.0	0.0	0.0	0.0	0.0	0.00266947895726	4.12830780663e-05	0.0027885220833	0.0	0.0	0.0	0.0	0.0	0.0	0.0	0.0	0.0	0.0	0.0	0.0	0.0	0.0	0.0	0.0	0.0038029386344	0.0	0.0	0.0	0.0	0.0	0.0
k__Fungi;p__Ascomycota;c__unidentified;o__unidentified	0.513073628391	0.484351205167	0.591990111248	0.579803921569	0.0273718284381	0.0207629461269	0.00494528918573	0.0106132665832	0.127890474998	0.0	0.00340042275526	0.00665295754203	0.00138953219083	0.00147769679665	0.0571266254261	0.02741983324	0.233249391075	0.0572996311955	0.0917870036101	0.0	0.0	0.00105398372913	0.000191724474501	0.0	0.0	0.0013991969826	0.00199771229721	0.0	0.000649186142251	0.0	0.000749878144801	3.04557706071e-05	0.0	0.0	0.0140017286085	0.00240824583373	0.01017097978	0.0182493114597	0.0055331270365	0.0274985575025	0.0463333981716
k__Fungi;p__Basidiomycota;c__Agaricomycetes;o__Agaricales	0.0	0.0	0.0	0.0	0.0	0.0	0.0	0.0	0.0	0.0	0.0	0.0	3.08784931295e-05	0.0	0.0	0.0	0.0	0.0	0.0	0.0	0.0	0.0	0.0	0.0	0.0	0.0	0.0	0.0	0.0	0.0	0.0	0.0	0.0	0.0	0.0	0.0	0.0	0.0	0.0	0.0	0.0
k__Fungi;p__Basidiomycota;c__Agaricomycetes;o__Polyporales	0.0	0.0	0.0	0.0	0.0	0.203728730266	0.0	0.0	0.0	0.0	0.0	0.0	0.0	0.0	0.0	0.00527304485384	0.0	0.0	0.0	0.0	0.0	0.0	0.0	0.0	0.0	0.0	0.0	0.0	0.0	0.0	0.0	0.0	0.0	0.0	0.0	0.0	0.0	0.0	0.0	0.0	0.0
k__Fungi;p__Basidiomycota;c__Agaricostilbomycetes;o__Agaricostilbales	0.0017132367938	0.0	0.0	0.0	0.0	0.0	0.0	0.0	0.0	0.0	0.0	0.0	0.0	0.0	0.0	0.0	0.0	0.0	0.0	0.0	0.0	0.0	0.0	0.0	0.0	0.0	0.0	0.0	0.0	0.0	0.0	0.0	0.0	0.0	0.0	0.0	0.0	0.0	0.0	0.0	0.0
k__Fungi;p__Basidiomycota;c__Cystobasidiomycetes;o__Cystobasidiales	0.0	0.00196922753768	0.00101359703337	0.00348039215686	0.0	0.0	0.0	0.0	0.0	2.33007898968e-05	0.0	0.0	0.0	0.0	0.0	0.0	0.0	0.0	0.0	0.0	0.0	0.0	0.0	0.0	0.0	0.0	0.0	0.0	0.0	0.0	0.0	0.0	0.0	0.0	0.0	0.0	0.0	0.0	0.0	0.0	0.0
k__Fungi;p__Basidiomycota;c__Microbotryomycetes;o__Sporidiobolales	0.0	0.0	0.0014585908529	0.0	0.0	0.106394741692	0.0	0.0	0.0	0.0	0.0	0.0	0.0	0.0	0.0	0.0	0.0	0.0	0.000330926594465	1.75913872568e-05	0.0	0.0	0.0	0.0	0.0	0.0	0.0	1.6657227571e-05	0.0	0.0	0.0	0.0	0.0	0.0	0.0	0.0	0.0	0.0	0.0	0.0	0.0
k__Fungi;p__Basidiomycota;c__Pucciniomycetes;o__Pucciniales	0.0	0.000577640077719	0.0	0.0	0.0	0.0	0.0	0.0	0.0	0.0	0.0	0.0	0.0	0.0	0.0	0.0	0.0	0.0	0.0	0.0	0.0	0.0	0.0	0.0	0.0	0.0	0.0	0.0	0.0	0.0	0.0	0.0	0.0	0.0	0.0	0.0	0.0	0.0	0.0	0.0	0.0
k__Fungi;p__Basidiomycota;c__Tremellomycetes;o__Filobasidiales	0.0	7.87691015071e-05	7.41656365884e-05	0.0	0.0	0.0	0.0	0.0	0.0	0.0	0.0	0.0	0.0	0.0	0.0	0.00332860956399	0.0	8.99523252676e-05	0.0	0.0	0.0	0.0	0.0	0.0	0.0	0.0	0.0	0.0	0.0	0.0	0.0	0.0	0.0	0.0	0.0	0.0	0.0	0.0	0.0	0.0	0.0
k__Fungi;p__Basidiomycota;c__Tremellomycetes;o__Tremellales	0.00522129308587	0.0	0.00121137206428	0.0	4.76031798924e-05	0.0	0.0	0.0	0.0	0.0	0.0	0.0	0.0	0.0	0.0	0.0	0.0	0.0	0.0	0.0	1.6637274149e-05	1.64684957676e-05	0.0	0.0	0.0	0.0	0.0	0.0	0.0	0.0	0.0	0.0	0.0	0.0	0.0	0.0	0.0	0.0	0.0	0.0	0.0
k__Fungi;p__Basidiomycota;c__Tremellomycetes;o__unidentified	0.0	0.0	0.0	0.0	0.0	0.0	0.0	0.0	0.0	0.0	0.0	0.0	0.0	0.0	0.0	0.0	0.0	0.0	0.0	0.0	0.0	0.00128454266987	0.0	0.0	0.0	0.0	0.0	0.0	0.0	0.0	0.0	0.0	0.0	0.0	0.0	0.0	0.0	0.0	0.0	0.0	0.0
k__Fungi;p__Basidiomycota;c__Ustilaginomycetes;o__Ustilaginales	0.0	0.0	0.0	0.0	0.0	0.0	0.0	0.0	0.0	2.33007898968e-05	0.0	0.0	0.0	0.0	0.0	0.0	0.0	0.0	0.0	0.0	0.0	0.0	0.0	0.0	0.0	0.0	0.0	0.0	0.0	0.0	0.0	0.0	0.0	0.0	0.0	0.0	0.0	0.0	0.0	0.0	0.0
k__Fungi;p__Basidiomycota;c__unidentified;o__unidentified	0.0004894962268	0.00312450769312	0.00978986402967	0.0196078431373	0.0	0.00638859880828	2.84212022169e-05	0.0	0.0	0.0	0.0	0.0	0.0	0.0	0.00151496023229	0.0	0.0	0.0	0.000571600481348	0.0	0.0	0.0	0.0	0.0	0.0	0.0	0.0	0.0	0.0	0.0	0.0	0.0	1.47533969697e-05	0.0	0.0	0.0	0.0	0.0	0.0	0.0	0.0
k__Fungi;p__Glomeromycota;c__Glomeromycetes;o__Glomerales	0.0	0.0	0.0	0.0	0.0	0.0	0.0	0.0	0.0	0.0	0.000882271850014	0.0	0.0	0.0	0.0	0.0	0.0	0.0	0.0	0.0	0.0	0.0	0.0	0.0	0.0	0.0	0.0	0.0	0.0	0.0	0.0	0.0	0.0	0.0	0.0299296209409	0.0	0.0	0.0	0.0	0.0	0.0
k__Fungi;p__unidentified;c__unidentified;o__unidentified	0.100754640016	0.0766160793993	0.121236093943	0.141568627451	0.838768029704	0.592327538547	0.936109137417	0.500600750939	0.852241422489	0.517230934129	0.910320742579	0.387589210112	0.840728732438	0.00383199338793	0.108098724908	0.087565501104	0.0732774635677	0.164432850589	0.0886883273165	0.983921472047	0.977157022593	0.963818714799	0.950081918639	0.972868296904	0.917037537791	0.848501439753	0.783618759163	0.830229536596	0.76504211793	0.00119934175662	0.54802344619	0.984391417564	0.932886797185	0.0108421488537	0.917002099025	0.00619721927881	0.117710188053	0.00201173512154	0.182285796258	0.00368975674937	0.00910328729819