# Constructed from biom file
#OTU ID	C-AS/90	C-AS/90+50h	C-AS/90+140h	C/0	C/30	C/30+120h	C/90	C/90+50h	C/90+140h	LB+LP/30+120h	LB+LP/90	LB-AS/90+50h	LB-AS/90+140h	LB/30	LB/30+120h	LB/90+140h
No blast hit;Other;Other;Other	0.0	0.0	0.0	4.05018995391e-05	0.000142809539677	3.15616715061e-05	0.0	0.0	0.0	3.00842358604e-05	0.0	0.0	0.0	3.07144173475e-05	0.0	0.0
k__Fungi;p__Ascomycota;c__Dothideomycetes;o__Botryosphaeriales	4.74003289583e-06	0.0	0.0	0.0	0.0	0.0	0.0	0.0	0.0	0.0	0.0	0.0	0.0	0.0	0.0	0.0
k__Fungi;p__Ascomycota;c__Dothideomycetes;o__Capnodiales	0.0	0.0	0.0	0.00252731853124	0.0	0.0	0.00115791575165	0.0	0.0	0.0	0.0	0.0	0.0	0.0	0.0	2.46944067169e-05
k__Fungi;p__Ascomycota;c__Dothideomycetes;o__Pleosporales	0.0	0.0	0.0	0.0385092060818	0.00366544485172	0.0	0.0	0.0	0.0	0.0	0.0	0.0	0.0	0.0148043491615	0.0001953125	0.0
k__Fungi;p__Ascomycota;c__Dothideomycetes;o__unidentified	0.0	0.0	1.31261157198e-05	0.0	4.76031798924e-05	0.0	0.0	0.0	0.0	0.0	0.0	0.0	0.0	0.0	9.11458333333e-05	0.0
k__Fungi;p__Ascomycota;c__Eurotiomycetes;o__Eurotiales	0.0	3.47429714969e-06	0.000459414050194	0.0464718795312	0.0	0.826663300088	0.0	0.0	7.91580912068e-05	0.816395908544	0.0196176642458	0.000334700025103	0.0	0.0484059217397	0.7725	0.0
k__Fungi;p__Ascomycota;c__Eurotiomycetes;o__Incertae_sedis	0.0	3.47429714969e-05	0.00136511603486	0.0	0.0	0.0	0.0	3.52622986082e-06	1.249864598e-05	0.0	4.17397111612e-05	0.0	0.0	3.07144173475e-05	0.0	0.0
k__Fungi;p__Ascomycota;c__Eurotiomycetes;o__Onygenales	0.0	0.0	0.0	0.0	0.0	0.0	0.0	0.0	0.0	0.0	0.0	0.0	0.0	0.0	0.0005859375	0.0
k__Fungi;p__Ascomycota;c__Incertae_sedis;o__Incertae_sedis	0.0	0.0	0.0	0.00129606078525	0.0	3.15616715061e-05	0.0	0.0	0.0	0.000782190132371	0.0	0.0	0.0	0.0	0.00247395833333	0.0
k__Fungi;p__Ascomycota;c__Leotiomycetes;o__Helotiales	0.00116604809237	0.0	0.0	0.000178208357972	0.0	0.0	0.0	0.0	0.0	0.0	0.0	0.0	0.0	0.0	1.30208333333e-05	0.0
k__Fungi;p__Ascomycota;c__Saccharomycetes;o__Saccharomycetales	0.449767501386	0.174079658685	0.921260807169	0.0898008116581	0.127052887133	0.00135715187476	0.286324615692	0.029997637426	0.28300267471	0.00123345367028	4.17397111612e-05	0.998465958218	0.94456331453	0.00482216352356	0.00970052083333	0.035238918385
k__Fungi;p__Ascomycota;c__Sordariomycetes;o__Diaporthales	0.0	0.0	0.0	0.000234911017327	0.0	0.0	0.0	0.0	0.0	3.00842358604e-05	0.0	0.0	0.0	0.0	9.11458333333e-05	0.0
k__Fungi;p__Ascomycota;c__Sordariomycetes;o__Hypocreales	0.000450303125104	0.0	0.0	0.158394828717	0.00290379397344	0.005176114127	0.0	3.52622986082e-06	0.0	0.000150421179302	0.000166958844645	0.0	0.0	0.00230358130106	0.00274739583333	0.0
k__Fungi;p__Ascomycota;c__Sordariomycetes;o__Ophiostomatales	0.0	0.0	0.0	0.0	0.0	0.0	0.0	0.0	0.0	0.0	0.0	0.0	0.0	0.0	0.0	0.0
k__Fungi;p__Ascomycota;c__Sordariomycetes;o__Sordariales	0.0	0.0	0.0	0.000251111777142	0.0	0.0	0.0	0.0	0.0	0.0	0.0	0.0	0.0	0.0	0.0	0.0
k__Fungi;p__Ascomycota;c__Sordariomycetes;o__Trichosphaeriales	0.0	0.0	0.0	0.00293233752663	0.0	0.0	0.0	0.0	0.0	0.0	0.0	0.0	0.0	0.0	0.001875	0.0038029386344
k__Fungi;p__Ascomycota;c__unidentified;o__unidentified	0.00267337855325	0.000812985533027	0.0145918653086	0.541097277462	0.0273718284381	0.0571266254261	0.00795900712052	0.000264467239561	0.000258305350254	0.0917870036101	0.127890474998	0.0	0.0463333981716	0.0207629461269	0.100989583333	0.0140017286085
k__Fungi;p__Basidiomycota;c__Agaricomycetes;o__Agaricales	4.74003289583e-06	0.0	0.0	0.0	0.0	0.0	0.0	0.0	0.0	0.0	0.0	0.0	0.0	0.0	0.0	0.0
k__Fungi;p__Basidiomycota;c__Agaricomycetes;o__Polyporales	0.0	0.0	0.0	0.0	0.0	0.0	0.0	0.0	0.0	0.0	0.0	0.0	0.0	0.203728730266	0.00208333333333	0.0
k__Fungi;p__Basidiomycota;c__Agaricostilbomycetes;o__Agaricostilbales	0.0	0.0	0.0	0.000340215956128	0.0	0.0	0.0	0.0	0.0	0.0	0.0	0.0	0.0	0.0	0.0	0.0
k__Fungi;p__Basidiomycota;c__Cystobasidiomycetes;o__Cystobasidiales	4.74003289583e-06	0.0	0.0	0.00151477104276	0.0	0.0	0.0	0.0	0.0	0.0	0.0	0.0	0.0	0.0	0.0	0.0
k__Fungi;p__Basidiomycota;c__Microbotryomycetes;o__Sporidiobolales	0.0	3.47429714969e-06	0.0	0.000477922414561	0.0	0.0	0.0	3.52622986082e-06	0.0	0.000330926594465	0.0	0.0	0.0	0.106394741692	0.0	0.0
k__Fungi;p__Basidiomycota;c__Pucciniomycetes;o__Pucciniales	0.0	0.0	0.0	0.000178208357972	0.0	0.0	0.0	0.0	0.0	0.0	0.0	0.0	0.0	0.0	0.0	0.0
k__Fungi;p__Basidiomycota;c__Tremellomycetes;o__Filobasidiales	0.0	0.0	0.0	4.86022794469e-05	0.0	0.0	0.0	0.0	0.0	0.0	0.0	0.0	0.0	0.0	0.00134114583333	0.0
k__Fungi;p__Basidiomycota;c__Tremellomycetes;o__Tremellales	0.0	0.0	0.0	0.00143376724368	4.76031798924e-05	0.0	0.0	7.05245972164e-06	0.0	0.0	0.0	0.0	0.0	0.0	0.0	0.0
k__Fungi;p__Basidiomycota;c__Tremellomycetes;o__unidentified	0.0	0.0	0.0	0.0	0.0	0.0	0.0	0.000275045929144	0.0	0.0	0.0	0.0	0.0	0.0	0.0	0.0
k__Fungi;p__Basidiomycota;c__Ustilaginomycetes;o__Ustilaginales	4.74003289583e-06	0.0	0.0	0.0	0.0	0.0	0.0	0.0	0.0	0.0	0.0	0.0	0.0	0.0	0.0	0.0
k__Fungi;p__Basidiomycota;c__unidentified;o__unidentified	0.0	0.0	0.0	0.00750905217455	0.0	0.00151496023229	1.33093764557e-05	0.0	4.16621532667e-06	0.000571600481348	0.0	0.0	0.0	0.00638859880828	0.0	0.0
k__Fungi;p__Glomeromycota;c__Glomeromycetes;o__Glomerales	0.000227521579	0.0	0.0	0.0	0.0	0.0	0.0	0.0	0.0	0.0	0.0	0.0	0.0	0.0	0.0	0.0299296209409
k__Fungi;p__unidentified;c__unidentified;o__unidentified	0.545696287132	0.825065664216	0.0623096713221	0.106763007185	0.838768029704	0.108098724908	0.70454515206	0.969445218256	0.716643196987	0.0886883273165	0.852241422489	0.00119934175662	0.00910328729819	0.592327538547	0.1053125	0.917002099025