# Constructed from biom file
#OTU ID	146	147	148	172	173	181	182	183	186	187	188	191	192	193	196	198	201	202	203	206
No blast hit;Other;Other;Other	7.1466857245e-05	0.0	5.09822581742e-05	0.0	2.49931268901e-05	8.68206285814e-05	0.0	0.0	0.000270259032888	0.0	0.0	0.0	0.0	0.0	0.0	0.0	0.0	0.00494492240894	0.0	0.0
k__Fungi;p__Ascomycota;c__Archaeorhizomycetes;o__Archaeorhizomycetales	0.0	0.000121853142593	0.0	0.00112028445484	0.0	0.0	0.0	0.0	0.000415783127521	0.000542888165038	0.0	0.00967654006905	0.0	0.00907959288277	0.0	0.000434898969624	0.000129349372656	0.000281418348476	0.0	0.00486791516805
k__Fungi;p__Ascomycota;c__Dothideomycetes;o__Botryosphaeriales	8.93335715562e-05	0.0	0.0	0.00053578821753	0.0	0.0	0.000126037180968	0.0	0.0	0.0	0.0	0.0	0.00219576628813	0.0	0.0	0.0	0.0	0.0	0.0	0.0075034106412
k__Fungi;p__Ascomycota;c__Dothideomycetes;o__Capnodiales	0.000911202429873	0.00358248239222	0.00462239140779	0.00199702881079	0.00532353602759	0.00112866817156	0.0011973532192	0.000730602503531	0.0788948484471	0.00123383673872	0.000555669289036	0.0	0.0	0.00402723877865	0.00535820599325	0.0	0.0	4.02026212109e-05	2.14201563671e-05	0.0
k__Fungi;p__Ascomycota;c__Dothideomycetes;o__Dothideales	3.57334286225e-05	7.31118855555e-05	8.49704302903e-05	0.0	4.99862537802e-05	0.0	0.0	0.00121767083922	0.0	0.0	0.0	0.0	3.4308848252e-05	0.000146445046496	0.0	0.0	0.0	0.0	0.0	0.0
k__Fungi;p__Ascomycota;c__Dothideomycetes;o__Incertae_sedis	0.0	0.0	0.0	0.0	0.0	0.0	0.0	0.0	0.0	0.0	2.92457520545e-05	0.0	0.0	0.0	0.0	3.34537668942e-05	0.0	0.0	0.0	0.000186034974575
k__Fungi;p__Ascomycota;c__Dothideomycetes;o__Pleosporales	0.000643201715205	0.00326566422148	0.00932975324587	0.00355568544361	0.00369898277974	0.0105631764774	0.00409620838147	0.00823145487312	0.00719304810611	0.00952521962294	0.00438686280818	0.0152644012357	0.0	0.00278245588343	0.00297678110736	0.0	0.0166860690726	0.0344134437565	0.0112455820927	0.00635619496465
k__Fungi;p__Ascomycota;c__Dothideomycetes;o__unidentified	0.00609254958013	0.0215436356104	0.0464618312827	0.0	0.0027742370848	0.0027782601146	0.005986766096	0.0	0.00422019874433	0.00167801796466	0.0041821425438	0.0015446120298	0.0	0.00333162480779	2.83502962606e-05	0.000301083902047	0.00547579010908	0.00241215727265	0.00644746706651	0.0
k__Fungi;p__Ascomycota;c__Eurotiomycetes;o__Chaetothyriales	0.0	9.7482514074e-05	0.000509822581742	0.0	0.0	0.00115760838108	2.10061968281e-05	0.0	0.000436572283897	0.0	0.0	0.0	0.0	0.0	0.0	0.0	0.0	0.0	0.00141373032023	0.0
k__Fungi;p__Ascomycota;c__Eurotiomycetes;o__Eurotiales	1.78667143112e-05	0.00124290205444	0.00266807151111	0.00124205450427	0.00164954637475	0.00564334085779	0.00384413401954	0.00910817787736	0.00704752401148	0.00167801796466	0.00201795689176	0.00436125749591	0.0	0.00139122794171	0.00445099651291	0.00588786297337	0.00137972664166	0.00253276513629	0.00128520938203	0.0136115589731
k__Fungi;p__Ascomycota;c__Eurotiomycetes;o__Incertae_sedis	0.0	0.0	0.0	0.0	0.0	0.0	0.0	0.0	0.000374204814769	0.0	0.0	0.0	0.0	0.0	0.0	0.0	0.0	0.0	0.0	0.0
k__Fungi;p__Ascomycota;c__Incertae_sedis;o__Incertae_sedis	0.0	4.8741257037e-05	8.49704302903e-05	0.0	0.0	0.0	0.0	0.0	0.0	0.0	0.0	0.0	0.0	0.0	0.0	0.0	0.0	0.0	0.0	0.0
k__Fungi;p__Ascomycota;c__Lecanoromycetes;o__Pertusariales	0.0	4.8741257037e-05	0.0	0.0	0.0	0.0	0.0	0.0	0.0	4.93534695489e-05	0.0	0.0	0.0	0.0	0.0	0.0	0.00840770922261	0.0	0.0	0.0
k__Fungi;p__Ascomycota;c__Leotiomycetes;o__Erysiphales	0.0	0.0	0.0	0.0	0.0	0.0	0.0	0.0	0.0	0.0	0.0	0.0	0.00620990153361	0.0	0.0	0.0	0.0	0.0	0.0	0.0
k__Fungi;p__Ascomycota;c__Leotiomycetes;o__Helotiales	0.00028586742898	0.000268076913704	0.0012575623683	0.00204573683057	0.00522356352003	0.00318342304798	0.00226866925743	0.00862110954167	0.00351336742755	0.00271444082519	0.00310004971778	0.0101308377249	0.0151988197756	0.0336091381709	0.0457857284609	0.0266626522146	0.021644461691	0.0190158398328	0.02216986184	0.00551903757906
k__Fungi;p__Ascomycota;c__Leotiomycetes;o__Incertae_sedis	0.0	0.0	0.0	0.000121770049439	0.0	0.0	0.0	0.0	0.0	0.000345474286842	0.000994355569853	0.0	0.0	0.0	0.0	0.0	0.0	0.0	0.0	0.0
k__Fungi;p__Ascomycota;c__Leotiomycetes;o__unidentified	0.0	7.31118855555e-05	0.0	0.0	0.0	0.0	0.0	0.0	0.0	0.0	0.0	0.0	0.0	0.0	0.0	0.0	0.0	0.0	0.0	0.0
k__Fungi;p__Ascomycota;c__Orbiliomycetes;o__Orbiliales	0.0	0.0	0.0	0.0	0.0	0.0	0.0	0.0	0.0	0.000296120817293	0.0	0.0	0.0	0.0	0.0	0.0	0.0	0.0	0.0	0.0
k__Fungi;p__Ascomycota;c__Pezizomycetes;o__Pezizales	0.0	0.000146223771111	0.0	0.0	0.0	0.0	0.0	0.0	0.0	0.0	0.0	0.0	0.0	0.0	0.0	0.0	0.0	0.0	0.0	0.0
k__Fungi;p__Ascomycota;c__Saccharomycetes;o__Saccharomycetales	0.0074682865821	0.0406014671118	0.0507103527972	0.465283358905	0.479368173752	0.288910111709	0.275748345762	0.335054308119	0.1866658351	0.313147764288	0.38092592051	0.136198437216	0.0508800219577	0.139159405433	0.114563547189	0.24073330657	0.134092182986	0.177534775267	0.17281782157	0.182624333375
k__Fungi;p__Ascomycota;c__Saccharomycetes;o__unidentified	0.0	0.0	0.0	0.0115438006868	0.0	0.0	0.00892763365193	0.0	0.0	0.0	0.00503026935338	0.00245320734145	0.0	0.0	0.0	0.0017061421116	0.0	0.00289458872719	0.0792117382457	0.0037206994915
k__Fungi;p__Ascomycota;c__Sordariomycetes;o__Coniochaetales	0.0	0.0	0.0	0.0	0.0	0.0	0.0	0.0	0.0	0.0	0.0	0.0	0.00737640237417	0.0	0.0	0.0	0.0	4.02026212109e-05	0.00214201563671	3.10058290959e-05
k__Fungi;p__Ascomycota;c__Sordariomycetes;o__Diaporthales	0.0	0.0	0.0	0.0	0.0	0.0	0.00065119210167	0.0	0.000852355411417	0.0	0.0	0.0	0.0	0.0	0.0	0.0	0.0	0.0	0.0	0.0
k__Fungi;p__Ascomycota;c__Sordariomycetes;o__Hypocreales	0.91180989816	0.516803548364	0.342498810414	0.0200433501376	0.0263427557422	0.0147884470684	0.0185904841928	0.146266621207	0.0161739636606	0.0412595005429	0.0241862369491	0.0255315282573	0.0357155110303	0.00853042395841	0.0391801094321	0.0313796333467	0.0130642866382	0.0113371391815	0.024740280604	0.0185414857993
k__Fungi;p__Ascomycota;c__Sordariomycetes;o__Incertae_sedis	0.0	0.000194965028148	0.000101964516348	0.0	0.000699807552923	0.000781385657232	0.0	0.000681895669962	0.000498939753025	4.93534695489e-05	0.0	0.0	0.0	0.0	0.0225668358234	0.0	0.0023282887078	0.0	0.000492663596444	0.0
k__Fungi;p__Ascomycota;c__Sordariomycetes;o__Ophiostomatales	0.0	0.0	0.0	0.0	0.0	0.0	0.0	0.0	0.0	0.0	0.0	0.0	0.0	0.0	0.0	0.00177304964539	0.0	0.0	0.0	0.0
k__Fungi;p__Ascomycota;c__Sordariomycetes;o__Phyllachorales	0.0	4.8741257037e-05	0.000152946774522	0.0	0.0	0.0	0.0	0.0	0.0	0.0	0.0	0.0	0.0	0.0	0.0	0.0	0.0	0.0	0.0	0.0
k__Fungi;p__Ascomycota;c__Sordariomycetes;o__Sordariales	0.0	0.0	0.0	0.0	0.000699807552923	0.0	0.000693204495326	0.00112025717208	0.00673568666584	0.0	0.0	0.0	0.0	0.0	0.0	0.0017061421116	0.0	0.0	0.0	0.0
k__Fungi;p__Ascomycota;c__Sordariomycetes;o__Trichosphaeriales	0.000875469001251	0.015743426023	0.00866698388961	0.00172913470203	0.00249931268901	0.000434103142907	0.00310891713055	0.00180215284204	0.00178786744834	0.00182607837331	0.00426987979996	0.000772306014901	0.0	0.0	0.0	0.00264284758464	0.0	0.0	0.0	0.0
k__Fungi;p__Ascomycota;c__Sordariomycetes;o__Xylariales	0.0	4.8741257037e-05	0.0	0.0	0.0	0.000983967123922	0.0	0.0	0.000311837345641	0.0	0.000204720264382	0.000954025077231	0.0	0.0	0.0	0.0	0.00508774199112	0.0	0.0	0.0
k__Fungi;p__Ascomycota;c__Sordariomycetes;o__unidentified	5.36001429337e-05	0.000414300684815	0.00103663924954	0.00109593044495	0.0	0.000318342304798	0.00199558869867	0.0	0.00157997588458	0.00133254367782	0.000789635305472	0.0	0.0	0.0	0.0	0.00411481332798	4.31164575518e-05	0.0	0.0	0.0
k__Fungi;p__Ascomycota;c__unidentified;o__unidentified	0.00548508129355	0.0424048936222	0.0540072054925	0.0416940649278	0.0260428382195	0.0394455055855	0.0289045268354	0.0418878768691	0.0689992100121	0.0229000098707	0.0392770450092	0.0169453025622	0.021099941675	0.0268726660321	0.0259405210784	0.0530576742941	0.0148751778554	0.033368175605	0.0295598157867	0.0244946049857
k__Fungi;p__Basidiomycota;c__Agaricomycetes;o__Agaricales	0.0	0.000755489484074	0.000917680647135	0.0039697036117	0.00174951888231	0.0027782601146	0.000378111542905	0.0038965466855	0.00141366263357	0.000296120817293	0.000760389553417	0.00272578593494	0.0	0.00765175367943	0.0	0.00294393148669	0.0104772991851	0.00804052424218	0.00481953518261	0.0256728264914
k__Fungi;p__Basidiomycota;c__Agaricomycetes;o__Atheliales	0.0	0.0	0.0	0.0	0.0	0.0	0.0	0.0	0.000353415658393	0.000592241634587	0.0	0.0	0.0	0.0	0.0231054914524	0.0	0.000388048117967	0.0	0.0116311449074	0.0
k__Fungi;p__Basidiomycota;c__Agaricomycetes;o__Boletales	0.0	0.0	0.0	0.0	0.0	0.000144701047636	0.0	0.0	0.0	0.000641595104136	0.0	0.0030892240596	0.0	0.0	0.0100927054688	0.00297738525358	0.0	0.0	0.0	0.0
k__Fungi;p__Basidiomycota;c__Agaricomycetes;o__Cantharellales	0.0	0.0	0.0	0.00153430262293	0.0	0.0	0.0	0.0	8.31566255041e-05	0.0	0.0	0.0	0.0	0.0	0.0	0.0	0.0	0.0	0.0	0.0
k__Fungi;p__Basidiomycota;c__Agaricomycetes;o__Corticiales	0.0	0.0	0.000135952688464	0.0	0.0	0.0	0.0	0.0	0.000166313251008	0.0	0.0	0.0	0.0	0.0	0.0	0.0	0.0	0.0	0.0	0.0
k__Fungi;p__Basidiomycota;c__Agaricomycetes;o__Hymenochaetales	0.0	0.0	0.000237917204813	0.0035800394535	7.49793806703e-05	0.000115760838108	0.0	0.0	0.000291048189264	0.000493534695489	0.0	0.00268035616936	0.0	0.0	0.0	0.00294393148669	0.0	0.00156790222723	0.0	3.10058290959e-05
k__Fungi;p__Basidiomycota;c__Agaricomycetes;o__Phallales	0.0	0.000146223771111	0.000254911290871	0.0	0.0	0.00167853215257	0.00508349963239	0.00769567970386	0.021724668413	0.00108577633008	0.00476705758489	0.0	0.0	0.0	2.83502962606e-05	0.0	0.0137110335015	0.0122215968481	0.0	0.0
k__Fungi;p__Basidiomycota;c__Agaricomycetes;o__Polyporales	0.000536001429337	0.000365559427778	0.000373869893277	0.00375051752271	0.00129964259829	0.000347282514325	0.000588173511186	0.0101797282159	0.00561307222153	0.0022209061297	0.00260287193285	0.008268217336	0.0148214224448	0.0	0.0131261871687	0.00187341094607	0.0176777475963	0.0231567098175	0.0125093713184	0.0321220389433
k__Fungi;p__Basidiomycota;c__Agaricomycetes;o__Russulales	0.0	0.00017059439963	0.000237917204813	0.00433501376002	0.00369898277974	0.00133124963825	0.000462136330217	0.00160732550777	0.000311837345641	0.000345474286842	0.000497177784927	0.00354352171543	0.00559234226507	0.00856703522003	0.024693108043	0.0103372139703	0.0	0.0246844094235	0.00115668844383	0.0125883666129
k__Fungi;p__Basidiomycota;c__Agaricomycetes;o__Thelephorales	0.000768268715383	0.000609265712963	0.000509822581742	0.00399405762159	0.00294918897303	0.0024599178098	0.0010503098414	0.00297111684769	0.00214128310673	0.00217155266015	0.00377270201503	0.0370252589497	0.0237417229904	0.0239437651021	0.0118220735407	0.0234176368259	0.0275082999181	0.0206239446812	0.0137517403877	0.0178283517301
k__Fungi;p__Basidiomycota;c__Agaricomycetes;o__unidentified	0.000339467571914	0.000341188799259	0.000101964516348	0.0	0.0	0.000260461885744	0.000420123936561	0.00150991184063	0.000457361440273	0.000148060408647	0.0	0.00390695984009	0.0	0.00333162480779	0.0	0.0	0.0	0.0	0.0	0.000279052461863
k__Fungi;p__Basidiomycota;c__Agaricostilbomycetes;o__Agaricostilbales	0.0	0.0	0.0	0.0	0.0	0.0	6.30185904842e-05	0.0	0.0	0.0	0.000380194776709	0.0	0.0	0.0	0.0	0.0	0.0	0.0	0.0	0.0
k__Fungi;p__Basidiomycota;c__Cystobasidiomycetes;o__Cystobasidiales	0.0	0.00048741257037	0.000849704302903	0.00112028445484	0.0	0.0	0.000567167314358	0.0	0.00124734938256	0.000592241634587	0.0	0.0	0.0	0.00377095994728	0.0	0.0	0.0046565774156	0.0	0.0	0.0
k__Fungi;p__Basidiomycota;c__Cystobasidiomycetes;o__Incertae_sedis	0.0	9.7482514074e-05	0.000101964516348	0.0	0.0	0.0	0.000168049574625	0.0	0.000291048189264	0.0	0.0	0.0	0.0	0.0	0.0	0.0	0.0	0.0	0.0	0.0
k__Fungi;p__Basidiomycota;c__Exobasidiomycetes;o__Entylomatales	0.000482401286403	0.00241269222333	0.00397661613758	0.000657558266969	2.49931268901e-05	0.000926086704868	0.00226866925743	0.00521163119186	0.0015591867282	0.00276379429474	0.00233966016436	0.0	0.0	0.0	2.83502962606e-05	0.0	0.0	0.0	0.0	0.0131774773657
k__Fungi;p__Basidiomycota;c__Exobasidiomycetes;o__Incertae_sedis	0.000160800428801	0.0	5.09822581742e-05	0.000414018168091	0.0	0.0	0.0	0.0	0.000519728909401	0.0	0.0	0.0	0.00833705012523	0.0	0.0	0.00545296400375	0.0	0.0	0.0	0.0
k__Fungi;p__Basidiomycota;c__Incertae_sedis;o__Malasseziales	0.000125067000179	0.0	0.0	0.0	0.0	0.0	0.0	0.0	0.0	0.00113512979962	0.0	0.00218062874796	0.0	0.0	0.0	0.0	0.0	0.0	0.0	0.0
k__Fungi;p__Basidiomycota;c__Microbotryomycetes;o__Microbotryales	0.0	2.43706285185e-05	6.79763442322e-05	0.0	0.000799780060483	0.0	0.0	0.0	0.0	0.0	0.0	0.0	0.0	0.0	0.0	0.0	0.0	0.0	0.0	0.0
k__Fungi;p__Basidiomycota;c__Microbotryomycetes;o__Sporidiobolales	0.000160800428801	0.000828601369629	0.000985656991367	0.00199702881079	0.00182449826298	0.00124442900967	0.00170150194307	0.00224051434416	0.000686042160409	0.00152995755602	0.0003217032726	0.0	0.0	0.00384418247053	0.0	0.0068914759802	0.0	0.0	0.0122309092856	0.000248046632767
k__Fungi;p__Basidiomycota;c__Microbotryomycetes;o__unidentified	0.0	0.0	1.69940860581e-05	0.0	0.000349903776461	0.0	0.0	0.000828016170669	0.00010394578188	0.0	0.0003217032726	0.0	0.0	0.0	0.0	0.0	0.0	0.0	0.0	0.0
k__Fungi;p__Basidiomycota;c__Pucciniomycetes;o__Pucciniales	8.93335715562e-05	2.43706285185e-05	0.000237917204813	0.00146124059326	0.00484866661668	0.00127336921919	0.000903266463607	0.0	0.00253627707788	0.000839008982331	0.00058491504109	4.54297655824e-05	0.0	0.0101413194699	0.0	0.0	0.0	0.0	0.0	0.0
k__Fungi;p__Basidiomycota;c__Tremellomycetes;o__Filobasidiales	0.000303734143291	0.00402115370555	0.000934674733193	0.0017778427218	0.00522356352003	0.00361752619089	0.00338199768932	0.0	0.00486466259199	0.00123383673872	0.00655104846021	0.00363438124659	0.0	0.0559053965	0.00113401185042	0.00137160444266	0.00353554951925	0.00353783066656	0.000621184534647	0.00120922733474
k__Fungi;p__Basidiomycota;c__Tremellomycetes;o__Tremellales	0.000410934429158	0.0030219579363	0.00365372850248	0.022551813156	0.015695683687	0.0425131677953	0.0348072681441	0.0	0.0374204814769	0.0317836343895	0.0194484251163	0.0500181719062	0.0	0.0198799150619	0.0538939131914	0.00538605646996	0.0165998361575	0.00723647181796	0.0091892470815	0.0245256108148
k__Fungi;p__Basidiomycota;c__Tremellomycetes;o__unidentified	0.000303734143291	0.00531279701704	0.00197131398273	0.00545529821485	0.0080727799855	0.00384904786711	0.00789833000735	0.0	0.0065070059457	0.00320797552068	0.00178399087533	0.00190805015446	0.0	0.00124478289522	0.00164431718311	0.0	0.0	0.0	0.00638320659741	0.00204638472033
k__Fungi;p__Basidiomycota;c__Ustilaginomycetes;o__Urocystidales	0.0	0.0	0.0	0.0	0.0	0.0	0.000231068165109	0.00150991184063	0.0	0.00108577633008	0.0	0.0	0.0	0.00285567840668	0.0	0.0	0.00500150907601	0.0	0.0	0.0
k__Fungi;p__Basidiomycota;c__Ustilaginomycetes;o__Ustilaginales	0.00139360371628	0.0119416079741	0.0220413296173	0.00991208202431	0.00824773187373	0.0184059732592	0.0338619892868	0.0498757975744	0.0174213130431	0.0262066923305	0.0147398590355	0.0010448846084	0.0	0.00274584462181	0.0	0.0	0.00668305092054	0.0108547077269	0.00284888079683	0.00632518913556
k__Fungi;p__Basidiomycota;c__unidentified;o__unidentified	0.0038234768626	0.0149148246533	0.0163313167018	0.0530917415552	0.0613331333883	0.0710771545986	0.03470223716	0.0513370025815	0.072533366596	0.0689961504294	0.0442195771064	0.0769580228966	0.396747521186	0.125137292231	0.0827261644884	0.127659574468	0.0734704436683	0.149593953526	0.0700010710078	0.122628054074
k__Fungi;p__Glomeromycota;c__Glomeromycetes;o__Archaeosporales	7.1466857245e-05	0.0	0.0	0.0	0.0	0.0	0.0	0.0	0.0	0.0	0.0	0.0	0.0	0.0	0.0	0.0023083099157	0.0	0.0	0.0	0.0
k__Fungi;p__Glomeromycota;c__Glomeromycetes;o__Diversisporales	0.0	0.0	0.0	0.00112028445484	0.0	0.0	0.000714210692154	0.0	0.0	0.0	0.00105284707396	0.0	0.0	0.0	0.0	0.0	0.0	0.0	0.00265609938953	0.0
k__Fungi;p__Glomeromycota;c__Glomeromycetes;o__Glomerales	0.0	0.000243706285185	0.0	0.00248410900855	0.0	0.0	0.00109232223506	0.0	0.0	0.0	0.00312929546983	0.0	0.0	0.0	0.0	0.0017061421116	0.0	0.0	0.00863232301596	0.0
k__Fungi;p__Glomeromycota;c__Glomeromycetes;o__Paraglomerales	7.1466857245e-05	0.0	0.000254911290871	0.0	0.0	0.0	0.000609179708014	0.0	0.0	0.0	0.0	0.0	0.0	0.0	0.0	0.00692492974709	0.0	0.0	0.0	0.0
k__Fungi;p__Glomeromycota;c__unidentified;o__unidentified	0.0	0.0	0.0	0.0	0.0	0.0	0.0	0.0	0.0	0.0	0.0	0.0	0.0	0.0	0.0	0.0	0.0	0.0	0.00218485594945	0.0
k__Fungi;p__Neocallimastigomycota;c__Neocallimastigomycetes;o__Neocallimastigales	0.0	0.0	0.0	0.000876744355958	0.0	0.0	0.0	0.0	0.0	0.0	0.000467932032872	0.00113574413956	0.0	0.0	0.0	0.0	0.0	0.0	0.0	0.0
k__Fungi;p__Zygomycota;c__Incertae_sedis;o__Mortierellales	0.0	0.0	0.0	0.0	0.000749793806703	0.0	0.0	0.0	0.0	0.0	0.0	0.0	0.00816550588397	0.0060774694296	0.0	0.00307774655426	0.0	0.0	0.0	0.0
k__Fungi;p__Zygomycota;c__Incertae_sedis;o__Mucorales	0.0	4.8741257037e-05	3.39881721161e-05	0.0	0.0	0.000723505238178	0.000441130133389	0.000487068335687	0.000332626502017	0.0	0.000555669289036	0.000363438124659	6.86176965039e-05	0.00205023065095	0.00104896096164	0.000468352736518	0.0	0.00140709174238	0.0	0.0
k__Fungi;p__unidentified;c__unidentified;o__unidentified	0.057119885653	0.30745984939	0.423475630481	0.323908331507	0.328659618605	0.477050413845	0.512446171621	0.305927621645	0.435449669452	0.45405191985	0.421752990378	0.57763946938	0.403815143926	0.49392253057	0.515805290165	0.423825772782	0.597076704178	0.448259226502	0.489836135804	0.473862086072