# Constructed from biom file
#OTU ID	145	146	147	148	150	151	152	153	155	156	157	158	160	161	162	163	165	166	167	168	170	173	175	177
k__Fungi;p__Ascomycota;c__Dothideomycetes;o__Capnodiales	0.00761626341501	0.000891652758408	0.00364624617824	0.00572661410612	0.0	0.0252394636015	0.0	0.0118522022496	0.0	0.0	0.0	0.0	0.0	0.000507751675581	0.000320850712747	0.0021862312051	0.0	0.0	0.0	0.0	0.0	0.0	0.0	0.0
k__Fungi;p__Ascomycota;c__Dothideomycetes;o__Pleosporales	0.0984344347425	0.0626671848922	0.0506850866267	0.0360909865758	0.00348594992135	0.0	0.0	2.62798276043e-05	0.0	0.0	0.0	0.0	0.0	0.00126937918895	0.00400299460665	0.00211930576005	2.42759692181e-05	0.00558854348585	0.0266934018422	0.0104571534333	0.0403620694479	0.0	0.0	0.0
k__Fungi;p__Ascomycota;c__Dothideomycetes;o__unidentified	0.0212139862292	0.0107912846659	0.00751896727437	0.00623268698061	0.0	0.0	0.0	0.0118522022496	0.0	0.0	0.0	0.0	0.0	0.0	0.0	0.0	2.42759692181e-05	0.0	0.00413559746851	0.0167499537294	0.00668737233834	0.0	0.0	0.0149226039016
k__Fungi;p__Ascomycota;c__Eurotiomycetes;o__Chaetothyriales	0.000576989652652	0.000274354694895	0.00206092175292	0.00647240571063	0.0	0.0	0.0	0.00165562913907	0.0	0.0	0.0	0.0	0.0	0.0	0.0	0.0	0.0	0.0	0.0	0.0	0.000139903186995	0.0	0.0	0.0
k__Fungi;p__Ascomycota;c__Eurotiomycetes;o__Eurotiales	0.00667384698234	0.00160040238689	0.00362359868645	0.00327615597699	0.0103728265952	0.0169061302682	0.062733075568	0.0	0.0	0.00845688786527	0.00497605109101	0.0	0.0	0.00480671586216	0.0	0.0	0.0	0.0	1.25321135409e-05	0.0	0.0	0.0	0.00186700345945	0.0368161577608
k__Fungi;p__Ascomycota;c__Eurotiomycetes;o__Incertae_sedis	0.0	0.0	0.0	0.0	4.25115844068e-05	0.0	0.0	5.25596552087e-05	0.0	0.351878508709	0.0704896221394	0.0	0.245397523942	0.260171958567	0.336969641411	0.548632490073	0.0	6.98567935732e-05	0.0	0.0	0.0	0.0	0.0	0.0138093723494
k__Fungi;p__Ascomycota;c__Incertae_sedis;o__Incertae_sedis	0.0	9.14515649649e-05	0.0	0.000186447901129	0.0	0.0	0.0	0.0	0.0	0.0	0.0	0.0	0.0	0.0	0.0	0.0	0.0	0.0	0.0	0.0	0.0	0.0	0.0	0.0
k__Fungi;p__Ascomycota;c__Leotiomycetes;o__Helotiales	0.00032696080317	9.14515649649e-05	0.0	0.0	0.0	0.0	6.86357500744e-05	0.00628087879744	0.974381977671	7.19735137469e-05	0.0	0.0	0.0	0.0	0.0	0.0	2.42759692181e-05	0.0	0.0	0.0	0.0	0.0	0.0	0.0077131043257
k__Fungi;p__Ascomycota;c__Pezizomycetes;o__Pezizales	0.0	0.0	0.0	7.99062433411e-05	0.0	0.0	0.0	0.0	0.0	0.0	0.0	0.0	0.0	0.0	0.0	0.0	0.0	0.0	0.0	0.0	0.0	0.0	0.0	0.0
k__Fungi;p__Ascomycota;c__Saccharomycetes;o__Saccharomycetales	0.139843058814	0.108530144722	0.286694598573	0.164367142553	0.493389448625	0.571551724138	0.416069916951	0.6700304846	4.98405103668e-05	0.459514898517	0.741990420436	0.992138837579	0.0279006757868	0.040670909214	0.0905410154161	0.380716548432	0.569174374287	0.653393875888	0.438335735322	0.602936640138	0.493312627662	8.82690440463e-05	0.121648088152	0.312367472434
k__Fungi;p__Ascomycota;c__Sordariomycetes;o__Diaporthales	0.0	0.000160040238689	0.0	0.0	0.0	0.0	0.0	0.0	0.0	0.0	0.0	0.0	0.0	0.0	0.0	0.0	0.0	0.0	0.0	0.0	0.0	0.0	0.0	0.0
k__Fungi;p__Ascomycota;c__Sordariomycetes;o__Hypocreales	0.236738854483	0.447906902307	0.263526214472	0.172144683571	0.0688262551545	0.0131704980843	6.86357500744e-05	0.0256753915694	0.0	3.59867568735e-05	0.0	6.44357575497e-05	0.00103364838727	0.0	0.0	0.0023423905769	0.000364139538271	0.00696239375946	0.000150385362491	0.032173483867	0.00706511094323	0.0	3.66079109696e-05	0.00015903307888
k__Fungi;p__Ascomycota;c__Sordariomycetes;o__Incertae_sedis	0.0	0.000731612519719	0.0	0.0	0.0	0.0	0.0	0.0	0.0	0.0	0.0	0.0	0.0	0.0	0.0	0.0	0.0	0.0	0.0333228899054	0.0	0.0	0.0	0.0	0.0
k__Fungi;p__Ascomycota;c__Sordariomycetes;o__Microascales	0.0	0.0	0.0	0.0	0.0	0.0	0.0	0.0	0.0	0.0	0.0	0.0	0.0	0.0	0.0	0.0	2.42759692181e-05	0.0	0.0	0.0	0.0	2.20672610116e-05	0.0	0.233036471586
k__Fungi;p__Ascomycota;c__Sordariomycetes;o__Sordariales	0.0	0.000411532042342	0.0	0.000292989558918	0.0	0.0	0.0	0.0	0.0	0.0	0.0	0.0	0.0	0.0	0.0	0.0	0.0	0.0	0.0	0.0	0.0	0.0	0.0	0.0
k__Fungi;p__Ascomycota;c__Sordariomycetes;o__Trichosphaeriales	0.000596222641074	0.00192048286426	0.000951194655192	0.0	0.00382604259661	0.0280651340996	0.0	0.0	0.0	0.0	0.0	0.0	0.0	0.0	0.0	0.0	0.0	0.0	0.0	0.0	0.0	0.0	0.0	0.00333969465649
k__Fungi;p__Ascomycota;c__Sordariomycetes;o__Xylariales	0.000173096895796	0.0	0.0	0.0	0.0	0.0	0.0	0.0	0.0	0.0	0.0	0.0	0.0	0.0	0.0	0.0	0.0	0.0	0.0	0.0	0.0	0.0	0.0	0.0
k__Fungi;p__Ascomycota;c__Sordariomycetes;o__unidentified	0.0	0.0	0.0	0.00117195823567	0.0	0.0	0.0	0.00257542310522	0.0	0.0	0.0	0.0	0.0	0.0	0.0	0.0	0.00288884033695	0.0	0.0	0.0	0.0	0.0	0.000183039554848	0.0
k__Fungi;p__Ascomycota;c__unidentified;o__unidentified	0.0642189483402	0.0823064084684	0.086173706262	0.145455998295	0.0541597585342	0.0333812260536	0.0734173739962	0.0687217491853	0.0	0.0322441341586	0.0173230441724	2.14785858499e-05	0.0	0.00805632658588	0.00216956196238	0.0	0.192775471561	0.0409360810339	0.0587129519393	0.0533962613363	0.208231903523	0.0	0.0169311588234	0.165659457167
k__Fungi;p__Basidiomycota;c__Agaricomycetes;o__Agaricales	0.000288494826326	0.000823064084684	0.000588834786547	0.00186447901129	4.25115844068e-05	0.0	0.0	0.00496688741722	0.0	0.0	5.32197977648e-05	0.0	0.0	0.000338501117054	0.0	0.0	0.0	0.00190941902433	0.0	0.0090690357209	0.0	0.0	0.0	0.0
k__Fungi;p__Basidiomycota;c__Agaricomycetes;o__Cantharellales	0.020521598646	0.00192048286426	0.00301211640811	0.0107074366077	0.0	0.0	0.0	0.0	0.0	0.0	0.0	0.000408093131148	0.0	0.0	0.0	0.0	0.0	0.0	0.00472460680494	0.0	0.0	0.0	0.0	0.0
k__Fungi;p__Basidiomycota;c__Agaricomycetes;o__Corticiales	3.84659768435e-05	0.0	0.000226474917903	0.000159812486682	0.0	0.0	0.0	0.0	0.0	0.0	0.0	0.0	0.0	0.0	0.0	0.0	0.0	0.0	0.0	0.0	0.0	0.0	0.0	0.0
k__Fungi;p__Basidiomycota;c__Agaricomycetes;o__Geastrales	0.0	0.0	0.0	0.0	0.0	0.0	0.0	0.0	0.0	0.0	0.0	0.0	0.0	0.00069392728996	0.0	0.0	0.0	0.0	0.0	0.0	0.0	0.0	0.0	0.0
k__Fungi;p__Basidiomycota;c__Agaricomycetes;o__Hymenochaetales	0.0	9.14515649649e-05	0.0	0.0	0.0	0.0	0.0	0.0	0.0	0.0	0.0	0.0	0.0	0.0	0.0	0.0	0.0	0.0	0.0	0.0	0.0	0.0	0.0	0.0
k__Fungi;p__Basidiomycota;c__Agaricomycetes;o__Phallales	9.61649421087e-05	0.0	0.0	0.0	0.0	0.0	0.0	0.0	0.0	0.00093565567871	0.0	0.0	0.0	0.0	6.11144214756e-05	0.0	0.0	0.000139713587146	0.0	0.0	0.0	0.0	0.0	0.0
k__Fungi;p__Basidiomycota;c__Agaricomycetes;o__Polyporales	0.000288494826326	0.0	0.0	0.0	0.0	0.0	0.0	0.0	0.0	0.0	0.0	0.0	0.0	0.0	0.0	0.0	0.0	0.0	0.0	0.0	0.0	0.0	0.0	0.0
k__Fungi;p__Basidiomycota;c__Agaricomycetes;o__Russulales	0.0	0.0	0.0	0.0	0.0	0.0	0.0	0.0	0.0	0.0	0.0104310803619	0.0	0.0	0.0	0.0	0.0	0.0	0.0	0.0	0.0	0.0	0.0	0.0	0.0
k__Fungi;p__Basidiomycota;c__Agaricostilbomycetes;o__Agaricostilbales	0.000230795861061	0.0	0.000430302344015	0.00114532282122	0.0	0.00095785440613	0.0	0.0	0.0	0.0	0.0	0.0	0.0	0.0	0.0	0.0	0.0	0.0	0.0	0.0	0.0	0.0	0.0	0.0
k__Fungi;p__Basidiomycota;c__Cystobasidiomycetes;o__Cystobasidiales	0.00123091125899	0.00756761700085	0.0048918582267	0.0106808011933	0.0231688135017	0.019061302682	0.0248003843602	0.0231262482918	0.0	0.0	0.0	0.0	0.0	0.000355426172906	0.0	0.0	0.00310732405991	0.0136220747468	0.0441631681183	0.00746498858659	0.0201320686085	0.0	0.0	0.00723600508906
k__Fungi;p__Basidiomycota;c__Microbotryomycetes;o__Sporidiobolales	0.00111551332846	0.0015546766044	0.00172120937606	0.000878968676753	0.0	0.0	6.86357500744e-05	0.0	0.0	0.0	0.0	0.0	0.0	0.0	3.05572107378e-05	0.0	0.0124050202704	0.0	0.0	0.0	5.59612747978e-05	0.999668991085	0.0	0.0
k__Fungi;p__Basidiomycota;c__Microbotryomycetes;o__unidentified	0.000153863907374	0.0	0.0	0.0	0.0	0.0	0.0	0.0	0.0	0.0	0.0	0.0	7.83066960056e-06	0.0	0.0	0.0	0.0	0.0	0.0	0.0	0.112286297882	2.20672610116e-05	0.0	0.0
k__Fungi;p__Basidiomycota;c__Pucciniomycetes;o__Pucciniales	0.000653921606339	0.00336084501246	0.0	0.0	0.0	4.78927203065e-05	0.0	0.0	0.0	0.0	0.0	0.0	0.0	0.0	0.00190982567111	0.0	0.0	0.0	0.0	0.0	0.0	0.0	0.0	0.0
k__Fungi;p__Basidiomycota;c__Tremellomycetes;o__Filobasidiales	0.00569296457284	0.00839068108553	0.0121617030914	0.00133177072235	0.0	0.0127394636015	0.0	0.0	0.0	0.0	0.0069451836083	0.0	0.0	0.00265723376887	0.0	0.0	0.0	0.00675282337874	0.00773231405477	0.0	0.0103248552002	0.0	0.00622334486483	0.0
k__Fungi;p__Basidiomycota;c__Tremellomycetes;o__Tremellales	0.0144055083279	0.0195020462288	0.0162835465972	0.00812380140635	0.0289078773966	0.016091954023	0.0110732343453	0.0287764112267	2.49202551834e-05	3.59867568735e-05	0.00553485896754	2.14785858499e-05	0.00743913612053	0.0	0.0	0.002052380315	0.0486975942515	0.0587728489929	0.0250642270819	0.00758837682769	0.0105626906181	0.0	0.00358757527502	0.0157972858355
k__Fungi;p__Basidiomycota;c__Tremellomycetes;o__unidentified	0.000365426780013	0.00340657079494	0.00081530970445	0.0	0.0	0.0	0.0	0.0	0.0	0.0	0.0	0.0	0.0	0.0	0.0	0.0	0.0	0.00454069158226	0.0	0.0	0.0	0.0	0.00327640803178	0.0
k__Fungi;p__Basidiomycota;c__Ustilaginomycetes;o__Ustilaginales	0.000192329884217	0.000800201193443	0.000951194655192	0.000372895802259	0.000382604259661	0.000574712643678	0.0022421011691	0.000341637758856	0.0	0.000251907298114	0.000425758382118	0.0	7.83066960056e-06	3.38501117054e-05	0.000152786053689	0.0	0.00179642172214	0.000162999185004	0.000125321135409	0.00293047072614	0.000307787011388	4.41345220231e-05	0.000658942397452	0.000424088210348
k__Fungi;p__Basidiomycota;c__Wallemiomycetes;o__Wallemiales	0.0	0.0	0.0	5.32708288941e-05	0.00148790545424	0.00210727969349	0.0	0.0	0.0	0.0	0.0	0.0	0.0	0.0	0.0	0.0	0.0	0.0	0.0	0.0	0.0	0.0	0.0	0.0
k__Fungi;p__Basidiomycota;c__unidentified;o__unidentified	0.0363503481171	0.0398500194335	0.0290567319669	0.0225069252078	0.0	0.0280172413793	0.0347068109543	0.0112740460423	0.0	0.0227076435872	0.0110431080362	0.0	7.83066960056e-06	0.00088010290434	1.52786053689e-05	0.00229777361353	0.0200033986357	0.0283618581907	0.0295507237296	0.0199888950583	0.00435098911553	0.0	0.00501528380283	0.000954198473282
k__Fungi;p__Glomeromycota;c__Glomeromycetes;o__Glomerales	0.00340423895065	0.0	9.05899671611e-05	0.0	0.0	0.0	0.0	0.0	0.0	0.0	0.0	0.0	0.0	0.0	0.0	0.0	0.0	0.0	0.0	0.0	0.0	0.0	0.0	0.0
k__Fungi;p__Glomeromycota;c__Glomeromycetes;o__Paraglomerales	0.000134630918952	0.0	0.0	0.0	0.0	0.0	0.0	0.0	0.0	0.0	0.0	0.0	0.0	0.0	0.0	0.0	0.0	0.0	0.0	0.0	0.0	0.0	0.0	0.0
k__Fungi;p__unidentified;c__unidentified;o__unidentified	0.338423664269	0.194357438442	0.224889593478	0.400676539527	0.311907494792	0.232088122605	0.374751195406	0.132791968885	0.025543261563	0.123866417158	0.130787653007	0.00734567636067	0.718205523754	0.679557917541	0.563826373929	0.059652880025	0.148690311461	0.178786820352	0.327276145122	0.237244740576	0.0861803631887	0.000154470827081	0.840572547728	0.187765055131