	sequences per sample	iteration	146	151	147	150	145	177	170	157	168	167	153	175	148	166	160	163	165	152	156	162	173	158	161	155
alpha_rarefaction_10_0.txt	10	0	7.0	6.0	8.0	8.0	10.0	5.0	5.0	4.0	6.0	7.0	4.0	1.0	6.0	4.0	3.0	4.0	4.0	5.0	7.0	4.0	2.0	1.0	3.0	1.0
alpha_rarefaction_10_1.txt	10	1	9.0	5.0	9.0	5.0	7.0	8.0	6.0	3.0	8.0	5.0	7.0	4.0	8.0	5.0	3.0	3.0	3.0	7.0	6.0	5.0	1.0	1.0	5.0	1.0
alpha_rarefaction_10_2.txt	10	2	6.0	6.0	7.0	7.0	7.0	6.0	5.0	6.0	5.0	6.0	5.0	3.0	7.0	7.0	3.0	3.0	7.0	9.0	7.0	2.0	2.0	2.0	3.0	1.0
alpha_rarefaction_10_3.txt	10	3	4.0	5.0	6.0	5.0	8.0	8.0	8.0	3.0	7.0	6.0	4.0	3.0	7.0	4.0	3.0	2.0	6.0	7.0	5.0	3.0	2.0	1.0	3.0	1.0
alpha_rarefaction_10_4.txt	10	4	6.0	7.0	7.0	7.0	6.0	8.0	5.0	5.0	3.0	5.0	5.0	2.0	7.0	6.0	4.0	2.0	5.0	6.0	2.0	3.0	2.0	1.0	4.0	2.0
alpha_rarefaction_10_5.txt	10	5	5.0	6.0	6.0	7.0	7.0	6.0	5.0	6.0	2.0	6.0	6.0	3.0	6.0	4.0	4.0	3.0	6.0	3.0	5.0	4.0	1.0	3.0	2.0	1.0
alpha_rarefaction_10_6.txt	10	6	7.0	6.0	8.0	8.0	8.0	6.0	5.0	6.0	7.0	6.0	5.0	3.0	8.0	5.0	4.0	2.0	6.0	7.0	7.0	2.0	2.0	2.0	3.0	1.0
alpha_rarefaction_10_7.txt	10	7	7.0	5.0	5.0	6.0	6.0	9.0	4.0	5.0	5.0	6.0	4.0	2.0	8.0	5.0	5.0	2.0	5.0	6.0	6.0	4.0	2.0	2.0	4.0	1.0
alpha_rarefaction_10_8.txt	10	8	5.0	8.0	7.0	7.0	7.0	6.0	3.0	7.0	3.0	6.0	7.0	3.0	9.0	5.0	4.0	3.0	7.0	8.0	5.0	2.0	1.0	1.0	3.0	1.0
alpha_rarefaction_10_9.txt	10	9	6.0	6.0	10.0	8.0	7.0	7.0	7.0	6.0	4.0	5.0	4.0	3.0	8.0	9.0	5.0	3.0	3.0	8.0	4.0	3.0	1.0	1.0	3.0	1.0
alpha_rarefaction_2009_0.txt	2009	0	117.0	40.0	138.0	39.0	149.0	47.0	43.0	35.0	43.0	39.0	46.0	27.0	114.0	52.0	23.0	16.0	25.0	42.0	36.0	21.0	4.0	6.0	27.0	4.0
alpha_rarefaction_2009_1.txt	2009	1	114.0	37.0	130.0	38.0	132.0	58.0	42.0	33.0	43.0	45.0	44.0	30.0	113.0	55.0	19.0	18.0	25.0	40.0	35.0	21.0	3.0	8.0	25.0	5.0
alpha_rarefaction_2009_2.txt	2009	2	114.0	42.0	130.0	36.0	143.0	50.0	41.0	33.0	43.0	40.0	43.0	27.0	119.0	53.0	22.0	18.0	27.0	42.0	35.0	21.0	3.0	7.0	28.0	4.0
alpha_rarefaction_2009_3.txt	2009	3	117.0	36.0	134.0	39.0	148.0	54.0	45.0	30.0	40.0	40.0	42.0	27.0	114.0	48.0	20.0	20.0	25.0	46.0	35.0	22.0	5.0	10.0	24.0	6.0
alpha_rarefaction_2009_4.txt	2009	4	115.0	39.0	134.0	39.0	138.0	48.0	45.0	32.0	40.0	43.0	43.0	28.0	115.0	49.0	18.0	19.0	28.0	47.0	36.0	24.0	3.0	8.0	24.0	3.0
alpha_rarefaction_2009_5.txt	2009	5	121.0	38.0	128.0	37.0	139.0	54.0	46.0	30.0	40.0	41.0	44.0	30.0	131.0	50.0	24.0	19.0	27.0	48.0	40.0	22.0	4.0	8.0	27.0	4.0
alpha_rarefaction_2009_6.txt	2009	6	115.0	34.0	134.0	37.0	132.0	53.0	40.0	34.0	41.0	43.0	39.0	30.0	111.0	52.0	20.0	18.0	27.0	49.0	38.0	20.0	6.0	8.0	24.0	4.0
alpha_rarefaction_2009_7.txt	2009	7	110.0	37.0	136.0	37.0	149.0	48.0	42.0	33.0	42.0	40.0	47.0	30.0	112.0	49.0	20.0	19.0	26.0	46.0	35.0	22.0	4.0	8.0	31.0	6.0
alpha_rarefaction_2009_8.txt	2009	8	108.0	39.0	134.0	40.0	152.0	48.0	41.0	33.0	43.0	40.0	47.0	29.0	113.0	54.0	22.0	20.0	25.0	43.0	35.0	21.0	4.0	9.0	25.0	3.0
alpha_rarefaction_2009_9.txt	2009	9	116.0	37.0	135.0	39.0	143.0	48.0	42.0	35.0	43.0	43.0	47.0	26.0	108.0	50.0	22.0	21.0	25.0	46.0	37.0	23.0	4.0	7.0	27.0	4.0
alpha_rarefaction_4008_0.txt	4008	0	141.0	44.0	170.0	44.0	192.0	55.0	49.0	36.0	47.0	51.0	51.0	36.0	139.0	59.0	30.0	23.0	29.0	47.0	42.0	27.0	3.0	6.0	34.0	4.0
alpha_rarefaction_4008_1.txt	4008	1	132.0	45.0	172.0	40.0	184.0	65.0	48.0	36.0	48.0	53.0	55.0	35.0	141.0	57.0	21.0	23.0	30.0	52.0	43.0	26.0	4.0	6.0	33.0	4.0
alpha_rarefaction_4008_2.txt	4008	2	144.0	49.0	163.0	42.0	174.0	57.0	48.0	40.0	47.0	50.0	53.0	28.0	132.0	55.0	23.0	24.0	31.0	51.0	40.0	27.0	3.0	11.0	31.0	3.0
alpha_rarefaction_4008_3.txt	4008	3	136.0	47.0	166.0	42.0	177.0	59.0	53.0	34.0	49.0	45.0	53.0	31.0	139.0	59.0	25.0	23.0	28.0	44.0	42.0	25.0	3.0	10.0	31.0	4.0
alpha_rarefaction_4008_4.txt	4008	4	143.0	48.0	173.0	41.0	186.0	55.0	46.0	36.0	48.0	49.0	45.0	32.0	129.0	54.0	26.0	20.0	32.0	50.0	42.0	28.0	4.0	9.0	35.0	4.0
alpha_rarefaction_4008_5.txt	4008	5	147.0	44.0	161.0	43.0	184.0	58.0	50.0	38.0	50.0	49.0	50.0	33.0	134.0	57.0	28.0	20.0	27.0	47.0	43.0	24.0	5.0	10.0	33.0	5.0
alpha_rarefaction_4008_6.txt	4008	6	147.0	49.0	164.0	41.0	182.0	57.0	51.0	34.0	42.0	52.0	52.0	31.0	142.0	54.0	27.0	20.0	32.0	52.0	41.0	23.0	5.0	7.0	35.0	6.0
alpha_rarefaction_4008_7.txt	4008	7	141.0	39.0	162.0	39.0	176.0	63.0	49.0	34.0	48.0	49.0	49.0	36.0	139.0	55.0	24.0	21.0	34.0	46.0	46.0	25.0	4.0	11.0	37.0	4.0
alpha_rarefaction_4008_8.txt	4008	8	140.0	45.0	166.0	39.0	179.0	57.0	45.0	40.0	48.0	51.0	51.0	31.0	142.0	57.0	22.0	21.0	32.0	54.0	44.0	28.0	4.0	10.0	36.0	6.0
alpha_rarefaction_4008_9.txt	4008	9	137.0	49.0	159.0	42.0	188.0	63.0	46.0	40.0	45.0	40.0	56.0	31.0	138.0	62.0	23.0	22.0	29.0	51.0	40.0	22.0	4.0	10.0	27.0	4.0
alpha_rarefaction_6007_0.txt	6007	0	164.0	48.0	187.0	49.0	200.0	61.0	54.0	38.0	50.0	51.0	59.0	34.0	149.0	62.0	28.0	21.0	31.0	54.0	47.0	28.0	6.0	12.0	37.0	7.0
alpha_rarefaction_6007_1.txt	6007	1	160.0	52.0	185.0	47.0	210.0	67.0	52.0	35.0	55.0	57.0	51.0	39.0	146.0	54.0	24.0	24.0	35.0	54.0	45.0	28.0	5.0	9.0	38.0	7.0
alpha_rarefaction_6007_2.txt	6007	2	155.0	50.0	191.0	49.0	195.0	62.0	55.0	38.0	53.0	50.0	55.0	33.0	151.0	63.0	25.0	24.0	34.0	54.0	51.0	28.0	6.0	12.0	36.0	4.0
alpha_rarefaction_6007_3.txt	6007	3	160.0	48.0	191.0	47.0	196.0	62.0	56.0	41.0	51.0	56.0	57.0	35.0	154.0	64.0	26.0	24.0	35.0	56.0	50.0	28.0	4.0	14.0	35.0	5.0
alpha_rarefaction_6007_4.txt	6007	4	157.0	51.0	185.0	41.0	193.0	62.0	55.0	40.0	51.0	50.0	57.0	35.0	152.0	57.0	24.0	21.0	34.0	57.0	49.0	27.0	4.0	9.0	39.0	8.0
alpha_rarefaction_6007_5.txt	6007	5	154.0	52.0	187.0	47.0	201.0	68.0	55.0	40.0	52.0	53.0	58.0	35.0	158.0	65.0	26.0	22.0	31.0	55.0	47.0	29.0	5.0	9.0	34.0	5.0
alpha_rarefaction_6007_6.txt	6007	6	155.0	49.0	183.0	45.0	204.0	67.0	55.0	43.0	53.0	58.0	59.0	31.0	153.0	61.0	26.0	24.0	31.0	55.0	48.0	28.0	5.0	13.0	37.0	6.0
alpha_rarefaction_6007_7.txt	6007	7	151.0	53.0	178.0	47.0	187.0	66.0	54.0	43.0	52.0	55.0	60.0	39.0	147.0	61.0	25.0	20.0	35.0	52.0	48.0	27.0	4.0	11.0	41.0	6.0
alpha_rarefaction_6007_8.txt	6007	8	172.0	48.0	182.0	45.0	191.0	65.0	55.0	35.0	51.0	53.0	53.0	31.0	161.0	62.0	25.0	24.0	31.0	58.0	49.0	24.0	8.0	13.0	37.0	5.0
alpha_rarefaction_6007_9.txt	6007	9	163.0	51.0	176.0	48.0	202.0	68.0	52.0	36.0	52.0	52.0	54.0	38.0	155.0	58.0	27.0	22.0	33.0	56.0	44.0	27.0	5.0	13.0	40.0	5.0
alpha_rarefaction_8006_0.txt	8006	0	165.0	53.0	193.0	48.0	219.0	75.0	62.0	42.0	54.0	58.0	63.0	40.0	167.0	64.0	26.0	24.0	36.0	60.0	45.0	30.0	6.0	15.0	39.0	7.0
alpha_rarefaction_8006_1.txt	8006	1	167.0	53.0	197.0	51.0	216.0	67.0	57.0	42.0	48.0	55.0	61.0	40.0	165.0	62.0	29.0	23.0	35.0	58.0	50.0	30.0	5.0	14.0	36.0	6.0
alpha_rarefaction_8006_2.txt	8006	2	167.0	55.0	206.0	52.0	222.0	68.0	56.0	46.0	52.0	56.0	58.0	34.0	159.0	67.0	27.0	25.0	36.0	62.0	48.0	27.0	7.0	14.0	38.0	5.0
alpha_rarefaction_8006_3.txt	8006	3	170.0	52.0	190.0	46.0	217.0	70.0	57.0	41.0	51.0	59.0	62.0	37.0	169.0	65.0	31.0	21.0	39.0	55.0	51.0	37.0	7.0	8.0	40.0	7.0
alpha_rarefaction_8006_4.txt	8006	4	164.0	56.0	202.0	47.0	219.0	71.0	55.0	40.0	55.0	56.0	66.0	38.0	156.0	64.0	29.0	26.0	38.0	60.0	46.0	30.0	7.0	15.0	36.0	7.0
alpha_rarefaction_8006_5.txt	8006	5	170.0	52.0	200.0	46.0	217.0	74.0	57.0	37.0	54.0	57.0	61.0	32.0	158.0	65.0	26.0	24.0	34.0	59.0	49.0	30.0	5.0	13.0	39.0	5.0
alpha_rarefaction_8006_6.txt	8006	6	171.0	53.0	192.0	47.0	211.0	66.0	55.0	44.0	58.0	55.0	61.0	41.0	159.0	68.0	25.0	25.0	35.0	59.0	47.0	28.0	5.0	13.0	42.0	6.0
alpha_rarefaction_8006_7.txt	8006	7	163.0	48.0	199.0	51.0	222.0	75.0	58.0	40.0	56.0	55.0	58.0	36.0	162.0	66.0	25.0	26.0	40.0	56.0	50.0	33.0	7.0	10.0	39.0	5.0
alpha_rarefaction_8006_8.txt	8006	8	168.0	51.0	198.0	43.0	227.0	62.0	61.0	41.0	54.0	59.0	61.0	39.0	163.0	66.0	29.0	23.0	35.0	51.0	51.0	36.0	5.0	11.0	35.0	8.0
alpha_rarefaction_8006_9.txt	8006	9	164.0	52.0	195.0	49.0	215.0	67.0	54.0	45.0	56.0	53.0	65.0	31.0	159.0	60.0	33.0	23.0	36.0	58.0	48.0	32.0	5.0	14.0	41.0	4.0
alpha_rarefaction_10005_0.txt	10005	0	173.0	56.0	204.0	51.0	228.0	75.0	61.0	47.0	58.0	63.0	66.0	41.0	172.0	67.0	28.0	25.0	39.0	54.0	47.0	31.0	9.0	14.0	40.0	4.0
alpha_rarefaction_10005_1.txt	10005	1	170.0	55.0	198.0	52.0	231.0	76.0	57.0	46.0	55.0	56.0	66.0	36.0	174.0	70.0	28.0	29.0	34.0	63.0	49.0	34.0	5.0	11.0	38.0	6.0
alpha_rarefaction_10005_2.txt	10005	2	174.0	55.0	204.0	52.0	228.0	70.0	63.0	38.0	55.0	56.0	63.0	40.0	173.0	67.0	32.0	23.0	39.0	58.0	49.0	33.0	3.0	14.0	43.0	7.0
alpha_rarefaction_10005_3.txt	10005	3	172.0	53.0	200.0	47.0	225.0	75.0	58.0	43.0	54.0	66.0	65.0	37.0	179.0	68.0	29.0	25.0	38.0	58.0	54.0	31.0	3.0	14.0	40.0	5.0
alpha_rarefaction_10005_4.txt	10005	4	178.0	56.0	205.0	47.0	222.0	79.0	54.0	42.0	58.0	57.0	66.0	45.0	169.0	66.0	33.0	27.0	36.0	57.0	51.0	30.0	8.0	13.0	44.0	6.0
alpha_rarefaction_10005_5.txt	10005	5	183.0	58.0	215.0	51.0	224.0	69.0	57.0	45.0	61.0	61.0	67.0	35.0	165.0	65.0	26.0	23.0	34.0	61.0	49.0	29.0	4.0	12.0	42.0	9.0
alpha_rarefaction_10005_6.txt	10005	6	177.0	57.0	211.0	48.0	229.0	72.0	58.0	46.0	51.0	61.0	63.0	41.0	178.0	64.0	29.0	24.0	39.0	62.0	53.0	31.0	6.0	13.0	38.0	10.0
alpha_rarefaction_10005_7.txt	10005	7	172.0	57.0	203.0	47.0	225.0	74.0	65.0	43.0	55.0	63.0	69.0	44.0	165.0	66.0	31.0	26.0	36.0	57.0	48.0	30.0	5.0	18.0	44.0	6.0
alpha_rarefaction_10005_8.txt	10005	8	178.0	55.0	210.0	51.0	227.0	78.0	64.0	42.0	57.0	56.0	61.0	37.0	171.0	68.0	31.0	23.0	39.0	57.0	48.0	29.0	6.0	15.0	44.0	8.0
alpha_rarefaction_10005_9.txt	10005	9	181.0	55.0	203.0	50.0	224.0	74.0	62.0	48.0	60.0	63.0	70.0	37.0	171.0	66.0	28.0	23.0	40.0	60.0	52.0	32.0	7.0	11.0	42.0	7.0
alpha_rarefaction_12004_0.txt	12004	0	185.0	60.0	208.0	51.0	238.0	75.0	60.0	48.0	61.0	61.0	66.0	41.0	183.0	67.0	30.0	27.0	40.0	65.0	54.0	31.0	7.0	15.0	40.0	6.0
alpha_rarefaction_12004_1.txt	12004	1	177.0	58.0	211.0	55.0	230.0	75.0	64.0	49.0	54.0	62.0	71.0	39.0	177.0	66.0	31.0	25.0	42.0	59.0	51.0	31.0	6.0	10.0	43.0	6.0
alpha_rarefaction_12004_2.txt	12004	2	187.0	59.0	213.0	52.0	239.0	79.0	60.0	45.0	61.0	65.0	72.0	44.0	186.0	70.0	27.0	26.0	43.0	64.0	55.0	35.0	6.0	16.0	43.0	6.0
alpha_rarefaction_12004_3.txt	12004	3	186.0	58.0	213.0	47.0	238.0	78.0	65.0	47.0	60.0	64.0	70.0	44.0	177.0	66.0	29.0	26.0	41.0	68.0	57.0	31.0	9.0	16.0	44.0	6.0
alpha_rarefaction_12004_4.txt	12004	4	181.0	54.0	212.0	51.0	234.0	79.0	55.0	43.0	59.0	53.0	64.0	43.0	172.0	67.0	28.0	25.0	41.0	61.0	50.0	35.0	5.0	19.0	43.0	6.0
alpha_rarefaction_12004_5.txt	12004	5	176.0	59.0	212.0	53.0	230.0	80.0	64.0	44.0	59.0	55.0	72.0	42.0	182.0	71.0	29.0	27.0	41.0	67.0	48.0	33.0	4.0	13.0	43.0	9.0
alpha_rarefaction_12004_6.txt	12004	6	184.0	55.0	220.0	52.0	228.0	81.0	61.0	45.0	62.0	58.0	68.0	41.0	175.0	69.0	30.0	25.0	41.0	64.0	56.0	33.0	7.0	18.0	49.0	6.0
alpha_rarefaction_12004_7.txt	12004	7	178.0	62.0	220.0	46.0	233.0	80.0	64.0	45.0	60.0	60.0	68.0	37.0	178.0	73.0	28.0	25.0	43.0	59.0	56.0	33.0	3.0	15.0	42.0	6.0
alpha_rarefaction_12004_8.txt	12004	8	184.0	59.0	208.0	52.0	233.0	74.0	57.0	41.0	56.0	64.0	65.0	41.0	182.0	70.0	31.0	26.0	38.0	60.0	53.0	32.0	3.0	18.0	43.0	7.0
alpha_rarefaction_12004_9.txt	12004	9	183.0	58.0	216.0	52.0	231.0	76.0	65.0	47.0	63.0	58.0	71.0	41.0	183.0	70.0	30.0	27.0	38.0	63.0	53.0	36.0	6.0	17.0	37.0	7.0
alpha_rarefaction_14003_0.txt	14003	0	183.0	60.0	226.0	57.0	241.0	79.0	64.0	48.0	57.0	65.0	74.0	42.0	177.0	71.0	25.0	26.0	46.0	69.0	54.0	33.0	8.0	15.0	47.0	8.0
alpha_rarefaction_14003_1.txt	14003	1	186.0	61.0	212.0	49.0	249.0	84.0	63.0	47.0	60.0	67.0	71.0	45.0	183.0	75.0	33.0	25.0	41.0	66.0	53.0	35.0	5.0	16.0	39.0	9.0
alpha_rarefaction_14003_2.txt	14003	2	193.0	59.0	232.0	58.0	235.0	77.0	65.0	48.0	63.0	62.0	75.0	42.0	184.0	71.0	33.0	29.0	44.0	64.0	52.0	36.0	7.0	18.0	45.0	8.0
alpha_rarefaction_14003_3.txt	14003	3	191.0	62.0	227.0	55.0	248.0	78.0	60.0	48.0	58.0	62.0	67.0	43.0	185.0	72.0	28.0	27.0	43.0	63.0	53.0	36.0	8.0	20.0	43.0	8.0
alpha_rarefaction_14003_4.txt	14003	4	191.0	62.0	221.0	55.0	239.0	78.0	62.0	48.0	62.0	64.0	65.0	48.0	187.0	73.0	28.0	28.0	43.0	66.0	54.0	34.0	6.0	19.0	41.0	8.0
alpha_rarefaction_14003_5.txt	14003	5	182.0	61.0	224.0	52.0	243.0	77.0	61.0	48.0	62.0	65.0	75.0	45.0	188.0	73.0	30.0	28.0	39.0	73.0	50.0	35.0	8.0	14.0	46.0	6.0
alpha_rarefaction_14003_6.txt	14003	6	178.0	60.0	219.0	55.0	244.0	78.0	65.0	44.0	59.0	64.0	65.0	45.0	183.0	71.0	30.0	25.0	41.0	72.0	55.0	36.0	4.0	15.0	48.0	6.0
alpha_rarefaction_14003_7.txt	14003	7	181.0	61.0	216.0	54.0	245.0	75.0	63.0	46.0	61.0	66.0	76.0	45.0	189.0	67.0	31.0	26.0	40.0	65.0	54.0	34.0	9.0	15.0	42.0	7.0
alpha_rarefaction_14003_8.txt	14003	8	181.0	61.0	223.0	59.0	240.0	80.0	61.0	50.0	59.0	63.0	65.0	43.0	186.0	69.0	36.0	27.0	41.0	66.0	56.0	41.0	7.0	14.0	47.0	9.0
alpha_rarefaction_14003_9.txt	14003	9	193.0	62.0	228.0	52.0	235.0	79.0	64.0	52.0	60.0	61.0	71.0	48.0	189.0	73.0	31.0	29.0	41.0	72.0	54.0	35.0	7.0	16.0	44.0	8.0
alpha_rarefaction_16002_0.txt	16002	0	200.0	63.0	221.0	55.0	241.0	81.0	62.0	44.0	61.0	73.0	67.0	48.0	193.0	76.0	36.0	29.0	45.0	71.0	52.0	35.0	8.0	11.0	47.0	9.0
alpha_rarefaction_16002_1.txt	16002	1	195.0	65.0	227.0	54.0	248.0	80.0	61.0	50.0	58.0	70.0	73.0	41.0	189.0	70.0	32.0	27.0	43.0	64.0	53.0	35.0	8.0	16.0	47.0	8.0
alpha_rarefaction_16002_2.txt	16002	2	191.0	65.0	228.0	59.0	243.0	83.0	63.0	50.0	67.0	70.0	74.0	47.0	188.0	74.0	34.0	28.0	43.0	71.0	53.0	32.0	9.0	16.0	48.0	5.0
alpha_rarefaction_16002_3.txt	16002	3	194.0	62.0	222.0	54.0	247.0	84.0	63.0	46.0	66.0	62.0	72.0	45.0	185.0	73.0	35.0	30.0	41.0	74.0	58.0	37.0	5.0	15.0	46.0	8.0
alpha_rarefaction_16002_4.txt	16002	4	191.0	61.0	230.0	54.0	247.0	83.0	67.0	48.0	64.0	63.0	73.0	45.0	195.0	76.0	34.0	30.0	48.0	74.0	60.0	38.0	9.0	18.0	47.0	8.0
alpha_rarefaction_16002_5.txt	16002	5	194.0	61.0	222.0	58.0	241.0	78.0	66.0	46.0	61.0	66.0	72.0	46.0	195.0	72.0	31.0	25.0	45.0	69.0	59.0	34.0	4.0	18.0	46.0	7.0
alpha_rarefaction_16002_6.txt	16002	6	187.0	65.0	225.0	58.0	246.0	81.0	67.0	52.0	58.0	66.0	74.0	46.0	193.0	74.0	33.0	27.0	44.0	68.0	59.0	35.0	7.0	19.0	46.0	8.0
alpha_rarefaction_16002_7.txt	16002	7	193.0	62.0	219.0	55.0	244.0	85.0	65.0	49.0	62.0	62.0	73.0	50.0	186.0	75.0	33.0	28.0	43.0	72.0	54.0	36.0	7.0	14.0	50.0	10.0
alpha_rarefaction_16002_8.txt	16002	8	190.0	64.0	222.0	54.0	240.0	78.0	65.0	46.0	66.0	71.0	72.0	42.0	193.0	76.0	30.0	28.0	42.0	72.0	60.0	37.0	8.0	16.0	50.0	12.0
alpha_rarefaction_16002_9.txt	16002	9	195.0	63.0	220.0	53.0	250.0	82.0	69.0	45.0	59.0	66.0	75.0	43.0	187.0	73.0	38.0	29.0	45.0	69.0	58.0	32.0	9.0	17.0	44.0	8.0
alpha_rarefaction_18001_0.txt	18001	0	196.0	67.0	224.0	52.0	247.0	84.0	65.0	48.0	61.0	68.0	77.0	50.0	193.0	76.0	32.0	29.0	40.0	71.0	57.0	37.0	6.0	12.0	49.0	8.0
alpha_rarefaction_18001_1.txt	18001	1	200.0	65.0	233.0	58.0	244.0	86.0	71.0	51.0	67.0	66.0	76.0	49.0	198.0	76.0	30.0	31.0	46.0	67.0	58.0	35.0	8.0	16.0	47.0	11.0
alpha_rarefaction_18001_2.txt	18001	2	197.0	65.0	231.0	56.0	248.0	88.0	68.0	52.0	60.0	64.0	82.0	48.0	199.0	76.0	34.0	25.0	48.0	67.0	60.0	36.0	7.0	19.0	50.0	9.0
alpha_rarefaction_18001_3.txt	18001	3	194.0	67.0	229.0	55.0	244.0	85.0	63.0	49.0	64.0	67.0	73.0	49.0	192.0	72.0	34.0	29.0	43.0	72.0	56.0	39.0	9.0	15.0	44.0	9.0
alpha_rarefaction_18001_4.txt	18001	4	193.0	67.0	228.0	55.0	250.0	84.0	62.0	49.0	68.0	73.0	77.0	51.0	194.0	76.0	34.0	29.0	47.0	74.0	60.0	36.0	8.0	18.0	49.0	8.0
alpha_rarefaction_18001_5.txt	18001	5	191.0	68.0	226.0	54.0	254.0	85.0	67.0	52.0	64.0	66.0	78.0	45.0	191.0	75.0	37.0	30.0	46.0	79.0	58.0	37.0	11.0	18.0	50.0	8.0
alpha_rarefaction_18001_6.txt	18001	6	199.0	67.0	236.0	55.0	248.0	87.0	70.0	53.0	68.0	67.0	76.0	45.0	195.0	75.0	32.0	30.0	49.0	68.0	58.0	41.0	10.0	15.0	50.0	10.0
alpha_rarefaction_18001_7.txt	18001	7	194.0	64.0	229.0	55.0	257.0	87.0	66.0	49.0	67.0	67.0	80.0	52.0	198.0	76.0	32.0	30.0	42.0	74.0	57.0	37.0	6.0	17.0	42.0	8.0
alpha_rarefaction_18001_8.txt	18001	8	189.0	66.0	235.0	55.0	259.0	81.0	67.0	50.0	67.0	67.0	76.0	51.0	192.0	75.0	29.0	28.0	44.0	71.0	58.0	39.0	8.0	17.0	52.0	10.0
alpha_rarefaction_18001_9.txt	18001	9	200.0	66.0	233.0	59.0	249.0	85.0	66.0	50.0	69.0	64.0	76.0	49.0	196.0	78.0	38.0	29.0	47.0	75.0	58.0	35.0	11.0	14.0	45.0	9.0
alpha_rarefaction_20000_0.txt	20000	0	202.0	67.0	232.0	60.0	251.0	88.0	68.0	48.0	65.0	73.0	80.0	47.0	196.0	76.0	36.0	29.0	48.0	74.0	60.0	34.0	11.0	21.0	48.0	10.0
alpha_rarefaction_20000_1.txt	20000	1	202.0	68.0	235.0	60.0	251.0	91.0	68.0	55.0	63.0	64.0	78.0	47.0	195.0	81.0	39.0	32.0	52.0	73.0	62.0	42.0	8.0	20.0	47.0	8.0
alpha_rarefaction_20000_2.txt	20000	2	198.0	67.0	230.0	55.0	254.0	88.0	69.0	53.0	65.0	74.0	77.0	48.0	195.0	79.0	36.0	33.0	49.0	75.0	55.0	36.0	7.0	19.0	42.0	7.0
alpha_rarefaction_20000_3.txt	20000	3	202.0	67.0	231.0	59.0	253.0	87.0	69.0	52.0	71.0	68.0	75.0	44.0	200.0	76.0	31.0	31.0	46.0	73.0	58.0	35.0	8.0	18.0	51.0	8.0
alpha_rarefaction_20000_4.txt	20000	4	199.0	68.0	231.0	59.0	258.0	81.0	67.0	49.0	65.0	68.0	85.0	45.0	196.0	77.0	36.0	32.0	44.0	74.0	59.0	38.0	9.0	18.0	47.0	10.0
alpha_rarefaction_20000_5.txt	20000	5	202.0	68.0	244.0	59.0	258.0	86.0	70.0	47.0	64.0	67.0	77.0	43.0	193.0	75.0	35.0	25.0	51.0	70.0	59.0	42.0	8.0	20.0	48.0	11.0
alpha_rarefaction_20000_6.txt	20000	6	203.0	67.0	233.0	57.0	256.0	86.0	64.0	50.0	69.0	74.0	74.0	45.0	198.0	83.0	35.0	28.0	46.0	76.0	56.0	41.0	6.0	18.0	52.0	10.0
alpha_rarefaction_20000_7.txt	20000	7	200.0	66.0	235.0	60.0	243.0	89.0	67.0	53.0	62.0	66.0	78.0	49.0	196.0	79.0	35.0	28.0	48.0	70.0	57.0	42.0	6.0	18.0	48.0	9.0
alpha_rarefaction_20000_8.txt	20000	8	194.0	67.0	241.0	59.0	254.0	83.0	68.0	51.0	71.0	66.0	78.0	46.0	200.0	76.0	32.0	31.0	43.0	80.0	59.0	37.0	8.0	20.0	48.0	10.0
alpha_rarefaction_20000_9.txt	20000	9	201.0	67.0	239.0	61.0	259.0	83.0	72.0	51.0	67.0	68.0	76.0	51.0	191.0	71.0	33.0	30.0	43.0	74.0	59.0	36.0	10.0	20.0	51.0	8.0