# Constructed from biom file
#OTU ID	424	425	426	427	430	437	447	451	457	757	758	759	760	761	831	836	837	839	844	1016	1017	1018	1019	1020	1031	1032	1033	1034	1035	1040	1138	1139	1140	1142	1145	1153	1154	1155	1156	1157	1162
No blast hit;Other;Other;Other;Other;Other	8.15827044667e-05	0.0	0.0	0.000147058823529	0.000142809539677	3.07144173475e-05	0.0	0.0	0.0	0.0	0.0	0.0	0.0	0.0	3.15616715061e-05	0.0	0.0	0.0	3.00842358604e-05	0.0	0.0	0.0	0.0	0.0	0.0	0.0	0.0	0.0	0.0	0.0	0.0	0.0	0.0	0.0	0.0	0.0	0.0	0.0	0.0	0.0	0.0
k__Fungi;p__Ascomycota;c__Dothideomycetes;o__Botryosphaeriales;f__Botryosphaeriaceae;g__unidentified	0.0	0.0	0.0	0.0	0.0	0.0	0.0	0.0	0.0	0.0	0.0	2.41925728801e-05	0.0	0.0	0.0	0.0	0.0	0.0	0.0	0.0	0.0	0.0	0.0	0.0	0.0	0.0	0.0	0.0	0.0	0.0	0.0	0.0	0.0	0.0	0.0	0.0	0.0	0.0	0.0	0.0	0.0
k__Fungi;p__Ascomycota;c__Dothideomycetes;o__Capnodiales;f__Mycosphaerellaceae;g__Cercospora	0.0029369773608	0.000708921913564	0.00284301606922	0.00338235294118	0.0	0.0	0.0	0.0	0.0	0.0	0.0	0.0	0.0	0.0	0.0	0.0	0.0	0.0	0.0	0.0	0.0	0.0	0.0	0.0	0.0	0.0	0.0	0.0	0.0	0.0	0.0	0.0	0.0	0.0	0.0	0.0	0.0	0.0	0.0	0.0	0.0
k__Fungi;p__Ascomycota;c__Dothideomycetes;o__Capnodiales;f__Mycosphaerellaceae;g__Cladosporium	0.0	2.6256367169e-05	0.0	0.0	0.0	0.0	0.00247264459287	0.0	0.0	0.0	0.0	0.0	0.0	0.0	0.0	0.0	0.0	0.0	0.0	0.0	0.0	0.0	0.0	0.0	0.0	0.0	0.0	0.0	0.0	0.0	0.0	0.0	0.0	0.0	0.0	0.0	0.0	0.0	0.0	0.0	0.0
k__Fungi;p__Ascomycota;c__Dothideomycetes;o__Capnodiales;f__Mycosphaerellaceae;g__unidentified	0.0	0.0	0.0	0.0	0.0	0.0	0.0	0.0	0.0	0.0	0.0	0.0	0.0	0.0	0.0	0.0	0.0	0.0	0.0	0.0	0.0	0.0	0.0	0.0	0.0	0.0	0.0	0.0	0.0	0.0	0.0	0.0	0.0	0.0	2.46944067169e-05	0.0	0.0	0.0	0.0	0.0	0.0
k__Fungi;p__Ascomycota;c__Dothideomycetes;o__Capnodiales;f__Teratosphaeriaceae;g__Devriesia	0.0	0.0	0.000692212608158	0.0	0.0	0.0	0.0	0.0	0.0	0.0	0.0	0.0	0.0	0.0	0.0	0.0	0.0	0.0	0.0	0.0	0.0	0.0	0.0	0.0	0.0	0.0	0.0	0.0	0.0	0.0	0.0	0.0	0.0	0.0	0.0	0.0	0.0	0.0	0.0	0.0	0.0
k__Fungi;p__Ascomycota;c__Dothideomycetes;o__Pleosporales;f__Pleosporaceae;g__Cochliobolus	0.0	0.0	0.000271940667491	0.0	0.0	0.0148043491615	0.0	0.0	0.0	0.0	0.0	0.0	0.0	0.0	0.0	0.0	0.0	0.0	0.0	0.0	0.0	0.0	0.0	0.0	0.0	0.0	0.0	0.0	0.0	0.0	0.0	0.0	0.0	0.0	0.0	0.0	0.0	0.0	0.0	0.0	0.0
k__Fungi;p__Ascomycota;c__Dothideomycetes;o__Pleosporales;f__Pleosporaceae;g__Curvularia	0.0	0.0	7.41656365884e-05	0.0	0.00133288903699	0.0	0.0	0.0	0.0	0.0	0.0	0.0	0.0	0.0	0.0	0.0	0.0	0.0	0.0	0.0	0.0	0.0	0.0	0.0	0.0	0.0	0.0	0.0	0.0	0.0	0.0	0.0	0.0	0.0	0.0	0.0	0.0	0.0	0.0	0.0	0.0
k__Fungi;p__Ascomycota;c__Dothideomycetes;o__Pleosporales;f__Pleosporaceae;g__Epicoccum	0.0260248827249	0.0174867405346	0.0540420271941	0.0582843137255	0.00233255581473	0.0	0.0	0.0	0.0	0.0	0.0	0.0	0.0	0.0	0.0	0.0	0.0	0.000674642439507	0.0	0.0	0.0	0.0	0.0	0.0	0.0	0.0	0.0	0.0	0.0	0.0	0.0	0.0	0.0	0.0	0.0	0.0	0.0	0.0	0.0	0.0	0.0
k__Fungi;p__Ascomycota;c__Dothideomycetes;o__Pleosporales;f__Pleosporaceae;g__Lewia	0.0	2.6256367169e-05	0.0	0.0	0.0	0.0	0.0	0.0	0.0	0.0	0.0	0.0	0.0	0.0	0.0	0.0	0.0	0.0	0.0	0.0	0.0	0.0	0.0	0.0	0.0	0.0	0.0	0.0	0.0	0.0	0.0	0.0	0.0	0.0	0.0	0.0	0.0	0.0	0.0	0.0	0.0
k__Fungi;p__Ascomycota;c__Dothideomycetes;o__Pleosporales;f__unidentified;g__unidentified	0.0	0.0	0.00148331273177	0.0	0.0	0.0	0.0	0.0	0.0	0.0	0.0	0.0	0.0	0.0	0.0	0.0	0.0	0.0	0.0	0.0	0.0	0.0	0.0	0.0	0.0	0.0	0.0	0.0	0.0	0.0	0.0	0.0	0.0	0.0	0.0	0.0	0.0	0.0	0.0	0.0	0.0
k__Fungi;p__Ascomycota;c__Dothideomycetes;o__unidentified;f__unidentified;g__unidentified	0.0	0.0	0.0	0.0	4.76031798924e-05	0.0	0.0	0.0	0.0	0.0	0.0	0.0	0.0	0.0	0.0	0.0	0.0	0.000314833138437	0.0	0.0	0.0	0.0	0.0	0.0	0.0	0.0	0.0	0.0	0.0	0.0	0.0	0.0	0.0	0.0	0.0	3.21099444498e-05	0.0	2.39492276374e-05	2.04930630981e-05	0.0	0.0
k__Fungi;p__Ascomycota;c__Eurotiomycetes;o__Eurotiales;f__Incertae_sedis;g__Thermomyces	0.0	2.6256367169e-05	0.0	0.0	0.0	0.0	0.0	0.0	0.0	0.0	0.0	0.0	0.0	0.0	0.00243024870597	0.00497643608081	0.0	0.0098497796168	0.00333935018051	0.0	0.0	0.0	0.0	0.0	0.0	0.0	0.0	0.0	0.0	0.0	0.0	0.0	0.0	0.0	0.0	0.0	0.0	0.0	0.0	0.0	0.0
k__Fungi;p__Ascomycota;c__Eurotiomycetes;o__Eurotiales;f__Trichocomaceae;g__Aspergillus	0.0	0.0	0.0	0.0	0.0	0.0484059217397	0.0	0.0	0.0196176642458	0.0	0.0	0.0	0.0	0.0	0.0493940159071	0.0295290511815	0.00639887710028	0.0214086534137	0.018110709988	0.0	0.0	0.0	0.0	0.0	0.0	0.0	1.6110583042e-05	0.0	0.0	0.0	0.0001249796908	0.0	0.0	0.000338817151677	0.0	0.0	2.43908388009e-05	0.000287390731649	0.000286902883374	0.00112362962738	0.0
k__Fungi;p__Ascomycota;c__Eurotiomycetes;o__Eurotiales;f__Trichocomaceae;g__Eurotium	0.0013461146237	0.0	0.000716934487021	0.0	0.0	0.0	0.0	0.0	0.0	0.0	0.0	0.0	0.0	0.0	0.769000126247	0.818475430907	0.678280972629	0.700098947558	0.79265944645	0.0	0.0	0.0	0.0	0.0	0.0	0.0	0.0	0.0	0.0	0.0	0.0	0.0	0.0	0.0	0.0	0.0	0.0	0.0	0.0	0.0	0.0
k__Fungi;p__Ascomycota;c__Eurotiomycetes;o__Eurotiales;f__Trichocomaceae;g__Neosartorya	0.0	0.0	0.0	0.0	0.0	0.0	0.0	0.0	0.0	0.0	0.0	0.0	0.0	0.0	0.00145183688928	0.0	0.0	0.0	6.01684717208e-05	0.0	0.0	0.0	0.0	0.0	0.0	0.0	0.0	0.0	0.0	0.0	0.0	0.0	0.0	0.0	0.0	0.0	0.0	0.0	0.0	6.07367366151e-05	0.0
k__Fungi;p__Ascomycota;c__Eurotiomycetes;o__Eurotiales;f__Trichocomaceae;g__Penicillium	0.0148072608607	0.109279000158	0.0234363411619	0.00720588235294	0.0	0.0	0.0	0.0	0.0	0.0	0.0	0.0	0.0	0.0	0.00438707233935	0.0128530468312	0.00623374478801	0.00265359359539	0.00222623345367	0.0	0.0	0.0	0.0	0.0	0.0	0.0	0.0	0.0	0.0	0.000334700025103	0.0	0.0	0.0	0.0	0.0	0.0	0.0	0.0	0.0	0.0	0.0
k__Fungi;p__Ascomycota;c__Eurotiomycetes;o__Eurotiales;f__Trichocomaceae;g__unidentified	0.000203956761167	0.000840203749409	0.000420271940667	0.0	0.0	0.0	0.0	0.0	0.0	0.0	0.0	0.0	0.0	0.0	0.0	0.0	0.0	0.0	0.0	0.0	0.0	0.0	0.0	0.0	0.0	0.0	0.0	0.0	0.0	0.0	0.0	0.0	0.0	0.0	0.0	0.0	0.0	0.0	0.0	0.0	0.0
k__Fungi;p__Ascomycota;c__Eurotiomycetes;o__Incertae_sedis;f__Monascaceae;g__Monascus	0.0	0.0	0.0	0.0	0.0	3.07144173475e-05	0.0	0.0	4.17397111612e-05	0.0	0.0	0.0	0.0	0.0	0.0	0.0	0.0	0.0	0.0	1.75913872568e-05	0.0	0.0	0.0	0.0	1.87782847915e-05	0.0	0.000112774081294	3.33144551421e-05	0.0	0.0	0.0	0.0	1.47533969697e-05	7.52927003727e-05	0.0	6.42198888996e-05	0.0	0.00656208837265	2.04930630981e-05	0.000531446445382	0.0
k__Fungi;p__Ascomycota;c__Eurotiomycetes;o__Incertae_sedis;f__Monascaceae;g__Xeromyces	0.0	0.0	0.0	0.0	0.0	0.0	0.0	0.0	0.0	0.0	0.0	0.0	0.0	0.0	0.0	0.0	0.0	0.0	0.0	0.0	0.0	0.0	0.0	0.0	0.0	0.0	0.0	0.0	0.0	0.0	0.0	0.0	0.0	0.0	0.0	0.0	0.0	0.0	0.0	0.0	0.0
k__Fungi;p__Ascomycota;c__Eurotiomycetes;o__Onygenales;f__Onygenaceae;g__Chrysosporium	0.0	0.0	0.0	0.0	0.0	0.0	0.0	0.0	0.0	0.0	0.0	0.0	0.0	0.0	0.0	0.0	0.0	0.00202392731852	0.0	0.0	0.0	0.0	0.0	0.0	0.0	0.0	0.0	0.0	0.0	0.0	0.0	0.0	0.0	0.0	0.0	0.0	0.0	0.0	0.0	0.0	0.0
k__Fungi;p__Ascomycota;c__Incertae_sedis;o__Incertae_sedis;f__Incertae_sedis;g__Phaeocytostroma	0.00150928003263	0.000866460116578	0.00195302843016	0.000539215686275	0.0	0.0	0.0	0.0	0.0	0.0	0.0	0.0	0.0	0.0	3.15616715061e-05	0.00477869689879	0.000536680014862	0.00143923720428	0.000782190132371	0.0	0.0	0.0	0.0	0.0	0.0	0.0	0.0	0.0	0.0	0.0	0.0	0.0	0.0	0.0	0.0	0.0	0.0	0.0	0.0	0.0	0.0
k__Fungi;p__Ascomycota;c__Leotiomycetes;o__Helotiales;f__Helotiaceae;g__Rhizoscyphus	0.0	2.6256367169e-05	0.000519159456119	0.0	0.0	0.0	0.0	0.0	0.0	0.0	0.0	0.0	0.0	0.0	0.0	3.29565303365e-05	0.0	0.0	0.0	0.0	0.0	0.0	0.0	0.0	0.0	0.0	0.0	0.0	0.0	0.0	0.0	0.0	0.0	0.0	0.0	0.0	0.0	0.0	0.0	0.0	0.0
k__Fungi;p__Ascomycota;c__Leotiomycetes;o__Helotiales;f__Incertae_sedis;g__Gloeotinia	0.0	0.0	0.0	0.0	0.0	0.0	0.0	0.0	0.0	0.0	0.0	0.00595137292851	0.0	0.0	0.0	0.0	0.0	0.0	0.0	0.0	0.0	0.0	0.0	0.0	0.0	0.0	0.0	0.0	0.0	0.0	0.0	0.0	0.0	0.0	0.0	0.0	0.0	0.0	0.0	0.0	0.0
k__Fungi;p__Ascomycota;c__Leotiomycetes;o__Helotiales;f__Sclerotiniaceae;g__Sclerotinia	0.0	0.0	0.0	0.0	0.0	0.0	0.0	0.0	0.0	0.0	0.0	0.0	0.0	0.0	0.0	0.0	0.0	0.0	0.0	0.0	0.0	0.0	0.0	0.0	0.0	0.0	0.0	0.0	0.0	0.0	0.0	0.0	0.0	0.0	0.0	0.0	0.0	0.0	0.0	0.0	0.0
k__Fungi;p__Ascomycota;c__Saccharomycetes;o__Saccharomycetales;f__Debaryomycetaceae;g__Meyerozyma	0.0	0.0	4.94437577256e-05	0.0	4.76031798924e-05	0.0	0.0	0.0	0.0	0.0	0.0	0.0	0.0	0.0	0.0	0.0	0.0	0.0	0.0	0.0	0.0	0.0	0.0	0.0	0.0	0.0	0.0	0.0	0.0	0.0	0.0	0.0	0.0	0.0	0.0	0.0	2.43908388009e-05	0.0	0.0	3.03683683076e-05	0.0
k__Fungi;p__Ascomycota;c__Saccharomycetes;o__Saccharomycetales;f__Eremotheciaceae;g__Eremothecium	0.0	0.0	4.94437577256e-05	0.0	0.0	0.0	0.0	0.0	0.0	0.0	0.0	0.0	0.0	0.0	0.0	0.0	0.0	0.0	0.00123345367028	0.0	0.0	0.0	0.0	0.0	0.0	0.0	0.0	0.0	0.0	0.0	0.0	0.0	0.0	0.0	0.0	0.0	0.0	0.0	0.0	0.0	0.0
k__Fungi;p__Ascomycota;c__Saccharomycetes;o__Saccharomycetales;f__Incertae_sedis;g__Candida	0.0135019375892	0.227563934254	0.021977750309	0.0180882352941	0.096015613843	0.00261072547454	0.0	0.140525657071	4.17397111612e-05	0.00482326350863	0.0046870692032	0.113293818798	0.00231588698472	0.0197360182333	0.0	0.0	0.0	0.03278762256	0.0	0.0	0.00149735467341	6.58739830704e-05	0.0	4.12022826065e-05	0.0	0.00624569087886	0.039873693029	3.33144551421e-05	0.00983279498385	0.911388168354	0.000987339557322	3.04557706071e-05	1.47533969697e-05	0.000112939050559	0.0	0.1984394567	0.514817434572	0.761154352772	0.290284238785	0.561055604482	0.129118848473
k__Fungi;p__Ascomycota;c__Saccharomycetes;o__Saccharomycetales;f__Incertae_sedis;g__Kodamaea	0.0	0.0	0.0	0.0	0.0	0.0	0.0	0.0	0.0	0.0	0.0	0.0	0.0	0.0	0.0	0.0	0.0	0.0	0.0	0.0	0.0	1.64684957676e-05	0.0	0.0	0.0	0.0	0.00269046736801	0.0	0.00148837798467	0.0	0.00504917950833	0.0	0.0	0.0	0.0346215582171	0.0	0.157662382009	0.0	0.0160255753427	0.0	0.0
k__Fungi;p__Ascomycota;c__Saccharomycetes;o__Saccharomycetales;f__Incertae_sedis;g__Wickerhamomyces	0.0	0.0	0.0	0.0	0.000142809539677	0.0	0.000142106011084	0.00090112640801	0.0	0.000326211058555	0.000147045308336	0.000798354905044	0.00064844835572	0.000300548501014	0.0	0.0	0.0	0.0	0.0	0.0	0.0	6.58739830704e-05	1.74294976819e-05	0.0	0.0	0.00024333860567	0.000338322243882	0.000449745144418	0.000538349483818	0.0	0.000674890330321	0.0	0.000103273778788	0.0010917441554	0.0	0.00141283755579	0.000341471743213	0.000311339959286	0.0010656392811	0.00056181481369	0.000233417623031
k__Fungi;p__Ascomycota;c__Saccharomycetes;o__Saccharomycetales;f__Metschnikowiaceae;g__Clavispora	0.0	0.0	0.0	0.0	0.0	0.0	0.0	0.0	0.0	0.0	0.0	0.0	0.0	0.0	0.0	0.0	0.0	0.0	0.0	0.0	0.0	0.0	0.0	0.0	0.0	0.0	1.6110583042e-05	0.0	4.75014250428e-05	0.0	0.0	0.0	0.0	0.0	0.0	0.0	0.0	0.0	2.04930630981e-05	0.0	0.0
k__Fungi;p__Ascomycota;c__Saccharomycetes;o__Saccharomycetales;f__Pichiaceae;g__Pichia	0.0	0.0	0.0	0.0	0.024325224925	0.0	0.0501634219127	0.306057571965	0.0	0.476547754969	0.0791287565481	0.472021289464	0.154763007565	0.608159891803	0.0	0.0	0.0	0.000179904650535	0.0	0.0160433451782	0.0136924766246	0.0307302131023	0.0279743437794	0.0268226859768	0.0829436839239	0.143590055562	0.169708881764	0.169204117667	0.222100829692	0.0861294731264	0.444340294702	0.0150908343358	0.0665525737301	0.987049655536	0.000617360167922	0.790996371576	0.194175467694	0.183762423662	0.502961247618	0.379543867108	0.802917720288
k__Fungi;p__Ascomycota;c__Saccharomycetes;o__Saccharomycetales;f__Pichiaceae;g__Yamadazyma	0.0	0.0	0.000716934487021	0.0	0.0	0.0	0.0	0.0	0.0	0.0	0.0	0.0	0.0	0.0	0.0	0.0	0.0	0.0	0.0	0.0	0.0	0.0	0.0	0.0	0.0	0.0	0.0	0.0	0.0	0.0	0.0	0.0	0.0	0.0	0.0	0.0	0.0	0.0	0.0	0.0	0.0
k__Fungi;p__Ascomycota;c__Saccharomycetes;o__Saccharomycetales;f__Saccharomycetaceae;g__Lachancea	0.0	0.0	0.0	0.0	0.0	0.0	0.0043768651414	0.0185481852315	0.0	0.0	0.0	0.0	0.0	0.0	0.0	0.0	0.0	0.0	0.0	0.0	0.00740358699631	0.00268436481012	0.0214905706418	0.0	0.0	0.0	4.8331749126e-05	0.0	3.16676166952e-05	0.0	1.249796908e-05	0.000456836559107	0.000383588321211	0.000489402552423	0.0	0.0	0.0	0.0	0.0	0.0	0.0
k__Fungi;p__Ascomycota;c__Saccharomycetes;o__Saccharomycetales;f__Saccharomycetaceae;g__Nakaseomyces	0.0	0.0	0.0	0.0	0.0	0.0	0.0	0.000125156445557	0.0	6.99023696903e-05	0.0	4.83851457603e-05	0.0	0.0	0.0	0.0	0.0	0.0	0.0	0.0	0.0	0.0	0.0	0.0	0.0	2.02782171391e-05	1.6110583042e-05	3.33144551421e-05	0.0	2.78916687585e-05	2.499593816e-05	0.0	0.0	0.0	0.0	6.42198888996e-05	0.0	4.78984552748e-05	2.04930630981e-05	3.03683683076e-05	0.0
k__Fungi;p__Ascomycota;c__Saccharomycetes;o__Saccharomycetales;f__Saccharomycetaceae;g__Saccharomyces	0.0	0.0	0.0	0.0	0.000571238158709	0.0	0.0	0.0024280350438	0.0	0.0	0.0	0.0	9.26354793886e-05	0.0	0.0	0.0	0.0	0.0	0.0	0.0	0.000199647289788	4.94054873028e-05	0.000139435981455	0.0	0.0	0.0	0.0	0.0	0.0	0.0	0.0	0.0	2.95067939393e-05	0.0	0.0	0.0	0.0	0.0	0.0	0.0	0.0
k__Fungi;p__Ascomycota;c__Saccharomycetes;o__Saccharomycetales;f__Saccharomycodaceae;g__Hanseniaspora	0.0	0.0	0.0	0.0	0.0037606512115	3.07144173475e-05	0.00176211453744	0.0202002503129	0.0	0.000442715008039	7.35226541678e-05	0.000145155437281	3.08784931295e-05	7.51371252536e-05	0.0	0.0	0.0	0.0	0.0	0.0	1.6637274149e-05	0.000214090444979	0.000104576986091	0.000267814836942	0.0	0.0	0.0	0.0	0.0	2.78916687585e-05	0.0	0.0	0.0	0.0	0.0	0.0	0.0	0.0	0.0	0.0	0.0
k__Fungi;p__Ascomycota;c__Saccharomycetes;o__Saccharomycetales;f__Saccharomycopsidaceae;g__Saccharomycopsis	0.0	0.0	0.0	0.0	0.0	0.0	0.0	0.0	0.0	0.0	0.0	0.0	0.0	0.365892754277	0.0	0.0	0.0	0.0	0.0	0.0	0.0	0.0	0.0	0.0	0.0	0.0	0.0	0.0	0.000126670466781	0.0	0.0	0.0	0.0	0.0	0.0	0.0	0.0	0.0179379715004	6.14791892944e-05	0.0203619909502	0.0
k__Fungi;p__Ascomycota;c__Saccharomycetes;o__Saccharomycetales;f__Trichomonascaceae;g__Trichomonascus	0.0	0.0	0.0	0.0	0.0	0.0	0.0	0.0	0.0	0.0	0.0	0.0	0.0	0.0	0.00135715187476	0.0	0.000495396936796	0.0	0.0	0.0	0.0	0.0	0.0	0.0	0.0	0.0	0.0	0.0	0.0	0.0	0.0	0.0	0.0	0.0	0.0	0.0	0.0	0.0	0.0	0.0	0.0
k__Fungi;p__Ascomycota;c__Saccharomycetes;o__Saccharomycetales;f__Trichomonascaceae;g__Zygoascus	0.0	0.0186157643228	0.00170580964153	0.00093137254902	0.00218974627505	0.00218072363167	0.0	0.0	0.0	0.000512617377729	0.0	0.0134752630942	0.0	0.0	0.0	0.0	0.0	0.0	0.0	0.0	0.0	0.0	0.0	0.0	0.0	0.0	0.00156272655507	0.0	0.000142504275128	0.000892533400273	1.249796908e-05	0.0	0.0	0.0	0.0	0.000385319333398	0.0050732944706	0.00965153873788	0.00141402135377	0.00551185884782	0.0122933281463
k__Fungi;p__Ascomycota;c__Sordariomycetes;o__Diaporthales;f__Diaporthaceae;g__Diaporthe	0.00106057515807	0.0	0.0	0.000147058823529	0.0	0.0	0.0	0.0	0.0	0.0	0.0	0.0	0.0	0.0	0.0	0.000230695712355	0.0	0.0	3.00842358604e-05	0.0	0.0	0.0	0.0	0.0	0.0	0.0	0.0	0.0	0.0	0.0	0.0	0.0	0.0	0.0	0.0	0.0	0.0	0.0	0.0	0.0	0.0
k__Fungi;p__Ascomycota;c__Sordariomycetes;o__Hypocreales;f__Clavicipitaceae;g__unidentified	0.0019579849072	0.000945229218085	0.00121137206428	0.0126470588235	0.0	0.0	0.0	0.0	0.0	0.0	0.0	0.0	0.0	0.0	0.0	0.0	0.0	0.0	0.0	0.0	0.0	0.0	0.0	0.0	0.0	0.0	0.0	0.0	0.0	0.0	0.0	0.0	0.0	0.0	0.0	0.0	0.0	0.0	0.0	0.0	0.0
k__Fungi;p__Ascomycota;c__Sordariomycetes;o__Hypocreales;f__Hypocreaceae;g__Trichoderma	0.0	0.00026256367169	0.0	0.000735294117647	0.0	0.0	0.0	0.0	0.0	0.0	0.0	0.0	0.0	0.0	0.00148339856079	0.00128530468312	0.0	0.0	0.0	0.0	0.0	0.0	0.0	0.0	0.0	0.0	0.0	0.0	0.0	0.0	0.0	0.0	0.0	0.0	0.0	0.0	0.0	0.0	0.0	0.0	0.0
k__Fungi;p__Ascomycota;c__Sordariomycetes;o__Hypocreales;f__Incertae_sedis;g__Acremonium	0.2867632062	0.0451346951636	0.147985166873	0.138970588235	0.00290379397344	0.0	0.0	0.0	0.0	0.0	0.0	0.0	0.0	0.0	0.0	0.000823913258412	0.0	0.0	0.0	0.0	1.6637274149e-05	0.0	0.0	0.0	0.0	0.0	0.0	0.0	0.0	0.0	0.0	0.0	0.0	0.0	0.0	0.0	0.0	0.0	0.0	0.0	0.0
k__Fungi;p__Ascomycota;c__Sordariomycetes;o__Hypocreales;f__Nectriaceae;g__Fusarium	0.000693452987967	0.000157538203014	0.000568603213844	0.000539215686275	0.0	0.0	0.0	0.0	4.17397111612e-05	0.0	0.0	0.0	0.0	0.0	6.31233430122e-05	6.5913060673e-05	0.000288981546464	8.99523252676e-05	3.00842358604e-05	0.0	0.0	0.0	0.0	0.0	0.0	0.0	0.0	0.0	0.0	0.0	0.0	0.0	0.0	0.0	0.0	0.0	0.0	0.0	0.0	0.0	0.0
k__Fungi;p__Ascomycota;c__Sordariomycetes;o__Hypocreales;f__Nectriaceae;g__Gibberella	0.0248827248623	0.0088221393688	0.00949320148331	0.00813725490196	0.0	0.00230358130106	0.0	0.0	0.000125219133484	0.0	0.0013601691021	0.0	0.0	0.000525959876775	0.0036295922232	0.0	0.00119720926392	0.00386794998651	0.000120336943442	0.0	0.0	0.0	0.0	0.0	0.0	0.0	0.0	0.0	0.0	0.0	0.0	0.0	0.0	0.0	0.0	0.0	0.0	0.0	0.0	0.0	0.0
k__Fungi;p__Ascomycota;c__Sordariomycetes;o__Hypocreales;f__unidentified;g__unidentified	0.000326330817867	0.0	0.00017305315204	0.0	0.0	0.0	0.0	0.0	0.0	0.0	0.0	0.0	0.0	0.0	0.0	0.000692087137066	0.0	0.0	0.0	0.0	0.0	0.0	0.0	0.0	0.0	0.0	0.0	0.0	0.0	0.0	0.0	0.0	0.0	0.0	0.0	0.0	0.0	0.0	0.0	0.0	0.0
k__Fungi;p__Ascomycota;c__Sordariomycetes;o__Ophiostomatales;f__Ophiostomataceae;g__Ophiostoma	0.0	0.0	0.0	0.0	0.0	0.0	0.0	0.0	0.0	0.0	0.0	0.0	0.0	0.0	0.0	0.0	0.0	0.0	0.0	0.0	0.0	0.0	0.0	0.0	0.0	0.0	0.0	0.0	0.0	0.0	0.0	0.0	0.0	0.0	0.0	0.0	0.0	0.0	0.0	0.0	0.0
k__Fungi;p__Ascomycota;c__Sordariomycetes;o__Sordariales;f__Cephalothecaceae;g__Phialemonium	0.0	0.0	0.000420271940667	0.000686274509804	0.0	0.0	0.0	0.0	0.0	0.0	0.0	0.0	0.0	0.0	0.0	0.0	0.0	0.0	0.0	0.0	0.0	0.0	0.0	0.0	0.0	0.0	0.0	0.0	0.0	0.0	0.0	0.0	0.0	0.0	0.0	0.0	0.0	0.0	0.0	0.0	0.0
k__Fungi;p__Ascomycota;c__Sordariomycetes;o__Trichosphaeriales;f__Incertae_sedis;g__Nigrospora	0.00265143789517	0.00249435488106	0.00242274412855	0.00509803921569	0.0	0.0	0.0	0.0	0.0	0.0	0.0	0.0	0.0	0.0	0.0	0.00266947895726	4.12830780663e-05	0.0027885220833	0.0	0.0	0.0	0.0	0.0	0.0	0.0	0.0	0.0	0.0	0.0	0.0	0.0	0.0	0.0	0.0	0.0038029386344	0.0	0.0	0.0	0.0	0.0	0.0
k__Fungi;p__Ascomycota;c__unidentified;o__unidentified;f__unidentified;g__unidentified	0.513073628391	0.484351205167	0.591990111248	0.579803921569	0.0273718284381	0.0207629461269	0.00494528918573	0.0106132665832	0.127890474998	0.0	0.00340042275526	0.00665295754203	0.00138953219083	0.00147769679665	0.0571266254261	0.02741983324	0.233249391075	0.0572996311955	0.0917870036101	0.0	0.0	0.00105398372913	0.000191724474501	0.0	0.0	0.0013991969826	0.00199771229721	0.0	0.000649186142251	0.0	0.000749878144801	3.04557706071e-05	0.0	0.0	0.0140017286085	0.00240824583373	0.01017097978	0.0182493114597	0.0055331270365	0.0274985575025	0.0463333981716
k__Fungi;p__Basidiomycota;c__Agaricomycetes;o__Agaricales;f__Lyophyllaceae;g__Ossicaulis	0.0	0.0	0.0	0.0	0.0	0.0	0.0	0.0	0.0	0.0	0.0	0.0	3.08784931295e-05	0.0	0.0	0.0	0.0	0.0	0.0	0.0	0.0	0.0	0.0	0.0	0.0	0.0	0.0	0.0	0.0	0.0	0.0	0.0	0.0	0.0	0.0	0.0	0.0	0.0	0.0	0.0	0.0
k__Fungi;p__Basidiomycota;c__Agaricomycetes;o__Polyporales;f__Phanerochaetaceae;g__Phanerochaete	0.0	0.0	0.0	0.0	0.0	0.0	0.0	0.0	0.0	0.0	0.0	0.0	0.0	0.0	0.0	0.00527304485384	0.0	0.0	0.0	0.0	0.0	0.0	0.0	0.0	0.0	0.0	0.0	0.0	0.0	0.0	0.0	0.0	0.0	0.0	0.0	0.0	0.0	0.0	0.0	0.0	0.0
k__Fungi;p__Basidiomycota;c__Agaricomycetes;o__Polyporales;f__Polyporaceae;g__Perenniporia	0.0	0.0	0.0	0.0	0.0	0.0	0.0	0.0	0.0	0.0	0.0	0.0	0.0	0.0	0.0	0.0	0.0	0.0	0.0	0.0	0.0	0.0	0.0	0.0	0.0	0.0	0.0	0.0	0.0	0.0	0.0	0.0	0.0	0.0	0.0	0.0	0.0	0.0	0.0	0.0	0.0
k__Fungi;p__Basidiomycota;c__Agaricomycetes;o__Polyporales;f__Sistotremataceae;g__Sistotrema	0.0	0.0	0.0	0.0	0.0	0.203728730266	0.0	0.0	0.0	0.0	0.0	0.0	0.0	0.0	0.0	0.0	0.0	0.0	0.0	0.0	0.0	0.0	0.0	0.0	0.0	0.0	0.0	0.0	0.0	0.0	0.0	0.0	0.0	0.0	0.0	0.0	0.0	0.0	0.0	0.0	0.0
k__Fungi;p__Basidiomycota;c__Agaricostilbomycetes;o__Agaricostilbales;f__Chionosphaeraceae;g__Kurtzmanomyces	0.0017132367938	0.0	0.0	0.0	0.0	0.0	0.0	0.0	0.0	0.0	0.0	0.0	0.0	0.0	0.0	0.0	0.0	0.0	0.0	0.0	0.0	0.0	0.0	0.0	0.0	0.0	0.0	0.0	0.0	0.0	0.0	0.0	0.0	0.0	0.0	0.0	0.0	0.0	0.0	0.0	0.0
k__Fungi;p__Basidiomycota;c__Cystobasidiomycetes;o__Cystobasidiales;f__Cystobasidiaceae;g__Occultifur	0.0	0.00196922753768	0.00101359703337	0.00348039215686	0.0	0.0	0.0	0.0	0.0	2.33007898968e-05	0.0	0.0	0.0	0.0	0.0	0.0	0.0	0.0	0.0	0.0	0.0	0.0	0.0	0.0	0.0	0.0	0.0	0.0	0.0	0.0	0.0	0.0	0.0	0.0	0.0	0.0	0.0	0.0	0.0	0.0	0.0
k__Fungi;p__Basidiomycota;c__Microbotryomycetes;o__Sporidiobolales;f__Incertae_sedis;g__Rhodotorula	0.0	0.0	0.0014585908529	0.0	0.0	0.0	0.0	0.0	0.0	0.0	0.0	0.0	0.0	0.0	0.0	0.0	0.0	0.0	0.000330926594465	1.75913872568e-05	0.0	0.0	0.0	0.0	0.0	0.0	0.0	1.6657227571e-05	0.0	0.0	0.0	0.0	0.0	0.0	0.0	0.0	0.0	0.0	0.0	0.0	0.0
k__Fungi;p__Basidiomycota;c__Microbotryomycetes;o__Sporidiobolales;f__Incertae_sedis;g__Sporobolomyces	0.0	0.0	0.0	0.0	0.0	0.106394741692	0.0	0.0	0.0	0.0	0.0	0.0	0.0	0.0	0.0	0.0	0.0	0.0	0.0	0.0	0.0	0.0	0.0	0.0	0.0	0.0	0.0	0.0	0.0	0.0	0.0	0.0	0.0	0.0	0.0	0.0	0.0	0.0	0.0	0.0	0.0
k__Fungi;p__Basidiomycota;c__Pucciniomycetes;o__Pucciniales;f__Pucciniaceae;g__Puccinia	0.0	0.000577640077719	0.0	0.0	0.0	0.0	0.0	0.0	0.0	0.0	0.0	0.0	0.0	0.0	0.0	0.0	0.0	0.0	0.0	0.0	0.0	0.0	0.0	0.0	0.0	0.0	0.0	0.0	0.0	0.0	0.0	0.0	0.0	0.0	0.0	0.0	0.0	0.0	0.0	0.0	0.0
k__Fungi;p__Basidiomycota;c__Tremellomycetes;o__Filobasidiales;f__Filobasidiaceae;g__Cryptococcus	0.0	7.87691015071e-05	7.41656365884e-05	0.0	0.0	0.0	0.0	0.0	0.0	0.0	0.0	0.0	0.0	0.0	0.0	0.00332860956399	0.0	8.99523252676e-05	0.0	0.0	0.0	0.0	0.0	0.0	0.0	0.0	0.0	0.0	0.0	0.0	0.0	0.0	0.0	0.0	0.0	0.0	0.0	0.0	0.0	0.0	0.0
k__Fungi;p__Basidiomycota;c__Tremellomycetes;o__Tremellales;f__Incertae_sedis;g__Hannaella	0.0	0.0	0.0	0.0	4.76031798924e-05	0.0	0.0	0.0	0.0	0.0	0.0	0.0	0.0	0.0	0.0	0.0	0.0	0.0	0.0	0.0	0.0	0.0	0.0	0.0	0.0	0.0	0.0	0.0	0.0	0.0	0.0	0.0	0.0	0.0	0.0	0.0	0.0	0.0	0.0	0.0	0.0
k__Fungi;p__Basidiomycota;c__Tremellomycetes;o__Tremellales;f__Tremellaceae;g__Bullera	0.0	0.0	0.000395550061805	0.0	0.0	0.0	0.0	0.0	0.0	0.0	0.0	0.0	0.0	0.0	0.0	0.0	0.0	0.0	0.0	0.0	0.0	0.0	0.0	0.0	0.0	0.0	0.0	0.0	0.0	0.0	0.0	0.0	0.0	0.0	0.0	0.0	0.0	0.0	0.0	0.0	0.0
k__Fungi;p__Basidiomycota;c__Tremellomycetes;o__Tremellales;f__Tremellaceae;g__Tremella	0.00522129308587	0.0	0.0	0.0	0.0	0.0	0.0	0.0	0.0	0.0	0.0	0.0	0.0	0.0	0.0	0.0	0.0	0.0	0.0	0.0	0.0	0.0	0.0	0.0	0.0	0.0	0.0	0.0	0.0	0.0	0.0	0.0	0.0	0.0	0.0	0.0	0.0	0.0	0.0	0.0	0.0
k__Fungi;p__Basidiomycota;c__Tremellomycetes;o__Tremellales;f__Trichosporonaceae;g__Asterotremella	0.0	0.0	0.000815822002472	0.0	0.0	0.0	0.0	0.0	0.0	0.0	0.0	0.0	0.0	0.0	0.0	0.0	0.0	0.0	0.0	0.0	1.6637274149e-05	1.64684957676e-05	0.0	0.0	0.0	0.0	0.0	0.0	0.0	0.0	0.0	0.0	0.0	0.0	0.0	0.0	0.0	0.0	0.0	0.0	0.0
k__Fungi;p__Basidiomycota;c__Tremellomycetes;o__unidentified;f__unidentified;g__unidentified	0.0	0.0	0.0	0.0	0.0	0.0	0.0	0.0	0.0	0.0	0.0	0.0	0.0	0.0	0.0	0.0	0.0	0.0	0.0	0.0	0.0	0.00128454266987	0.0	0.0	0.0	0.0	0.0	0.0	0.0	0.0	0.0	0.0	0.0	0.0	0.0	0.0	0.0	0.0	0.0	0.0	0.0
k__Fungi;p__Basidiomycota;c__Ustilaginomycetes;o__Ustilaginales;f__Ustilaginaceae;g__Pseudozyma	0.0	0.0	0.0	0.0	0.0	0.0	0.0	0.0	0.0	2.33007898968e-05	0.0	0.0	0.0	0.0	0.0	0.0	0.0	0.0	0.0	0.0	0.0	0.0	0.0	0.0	0.0	0.0	0.0	0.0	0.0	0.0	0.0	0.0	0.0	0.0	0.0	0.0	0.0	0.0	0.0	0.0	0.0
k__Fungi;p__Basidiomycota;c__unidentified;o__unidentified;f__unidentified;g__unidentified	0.0004894962268	0.00312450769312	0.00978986402967	0.0196078431373	0.0	0.00638859880828	2.84212022169e-05	0.0	0.0	0.0	0.0	0.0	0.0	0.0	0.00151496023229	0.0	0.0	0.0	0.000571600481348	0.0	0.0	0.0	0.0	0.0	0.0	0.0	0.0	0.0	0.0	0.0	0.0	0.0	1.47533969697e-05	0.0	0.0	0.0	0.0	0.0	0.0	0.0	0.0
k__Fungi;p__Glomeromycota;c__Glomeromycetes;o__Glomerales;f__Glomeraceae;g__Glomus	0.0	0.0	0.0	0.0	0.0	0.0	0.0	0.0	0.0	0.0	0.000882271850014	0.0	0.0	0.0	0.0	0.0	0.0	0.0	0.0	0.0	0.0	0.0	0.0	0.0	0.0	0.0	0.0	0.0	0.0	0.0	0.0	0.0	0.0	0.0	0.0299296209409	0.0	0.0	0.0	0.0	0.0	0.0
k__Fungi;p__unidentified;c__unidentified;o__unidentified;f__unidentified;g__unidentified	0.100754640016	0.0766160793993	0.121236093943	0.141568627451	0.838768029704	0.592327538547	0.936109137417	0.500600750939	0.852241422489	0.517230934129	0.910320742579	0.387589210112	0.840728732438	0.00383199338793	0.108098724908	0.087565501104	0.0732774635677	0.164432850589	0.0886883273165	0.983921472047	0.977157022593	0.963818714799	0.950081918639	0.972868296904	0.917037537791	0.848501439753	0.783618759163	0.830229536596	0.76504211793	0.00119934175662	0.54802344619	0.984391417564	0.932886797185	0.0108421488537	0.917002099025	0.00619721927881	0.117710188053	0.00201173512154	0.182285796258	0.00368975674937	0.00910328729819