# Constructed from biom file
#OTU ID	424	425	426	427	430	437	447	451	457	757	758	759	760	761	831	836	837	839	844	1016	1017	1018	1019	1020	1031	1032	1033	1034	1035	1040	1138	1139	1140	1142	1145	1153	1154	1155	1156	1157	1162
No blast hit;Other;Other;Other;Other	8.15827044667e-05	0.0	0.0	0.000147058823529	0.000142809539677	3.07144173475e-05	0.0	0.0	0.0	0.0	0.0	0.0	0.0	0.0	3.15616715061e-05	0.0	0.0	0.0	3.00842358604e-05	0.0	0.0	0.0	0.0	0.0	0.0	0.0	0.0	0.0	0.0	0.0	0.0	0.0	0.0	0.0	0.0	0.0	0.0	0.0	0.0	0.0	0.0
k__Fungi;p__Ascomycota;c__Dothideomycetes;o__Botryosphaeriales;f__Botryosphaeriaceae	0.0	0.0	0.0	0.0	0.0	0.0	0.0	0.0	0.0	0.0	0.0	2.41925728801e-05	0.0	0.0	0.0	0.0	0.0	0.0	0.0	0.0	0.0	0.0	0.0	0.0	0.0	0.0	0.0	0.0	0.0	0.0	0.0	0.0	0.0	0.0	0.0	0.0	0.0	0.0	0.0	0.0	0.0
k__Fungi;p__Ascomycota;c__Dothideomycetes;o__Capnodiales;f__Mycosphaerellaceae	0.0029369773608	0.000735178280733	0.00284301606922	0.00338235294118	0.0	0.0	0.00247264459287	0.0	0.0	0.0	0.0	0.0	0.0	0.0	0.0	0.0	0.0	0.0	0.0	0.0	0.0	0.0	0.0	0.0	0.0	0.0	0.0	0.0	0.0	0.0	0.0	0.0	0.0	0.0	2.46944067169e-05	0.0	0.0	0.0	0.0	0.0	0.0
k__Fungi;p__Ascomycota;c__Dothideomycetes;o__Capnodiales;f__Teratosphaeriaceae	0.0	0.0	0.000692212608158	0.0	0.0	0.0	0.0	0.0	0.0	0.0	0.0	0.0	0.0	0.0	0.0	0.0	0.0	0.0	0.0	0.0	0.0	0.0	0.0	0.0	0.0	0.0	0.0	0.0	0.0	0.0	0.0	0.0	0.0	0.0	0.0	0.0	0.0	0.0	0.0	0.0	0.0
k__Fungi;p__Ascomycota;c__Dothideomycetes;o__Pleosporales;f__Pleosporaceae	0.0260248827249	0.0175129969017	0.0543881334981	0.0582843137255	0.00366544485172	0.0148043491615	0.0	0.0	0.0	0.0	0.0	0.0	0.0	0.0	0.0	0.0	0.0	0.000674642439507	0.0	0.0	0.0	0.0	0.0	0.0	0.0	0.0	0.0	0.0	0.0	0.0	0.0	0.0	0.0	0.0	0.0	0.0	0.0	0.0	0.0	0.0	0.0
k__Fungi;p__Ascomycota;c__Dothideomycetes;o__Pleosporales;f__unidentified	0.0	0.0	0.00148331273177	0.0	0.0	0.0	0.0	0.0	0.0	0.0	0.0	0.0	0.0	0.0	0.0	0.0	0.0	0.0	0.0	0.0	0.0	0.0	0.0	0.0	0.0	0.0	0.0	0.0	0.0	0.0	0.0	0.0	0.0	0.0	0.0	0.0	0.0	0.0	0.0	0.0	0.0
k__Fungi;p__Ascomycota;c__Dothideomycetes;o__unidentified;f__unidentified	0.0	0.0	0.0	0.0	4.76031798924e-05	0.0	0.0	0.0	0.0	0.0	0.0	0.0	0.0	0.0	0.0	0.0	0.0	0.000314833138437	0.0	0.0	0.0	0.0	0.0	0.0	0.0	0.0	0.0	0.0	0.0	0.0	0.0	0.0	0.0	0.0	0.0	3.21099444498e-05	0.0	2.39492276374e-05	2.04930630981e-05	0.0	0.0
k__Fungi;p__Ascomycota;c__Eurotiomycetes;o__Eurotiales;f__Incertae_sedis	0.0	2.6256367169e-05	0.0	0.0	0.0	0.0	0.0	0.0	0.0	0.0	0.0	0.0	0.0	0.0	0.00243024870597	0.00497643608081	0.0	0.0098497796168	0.00333935018051	0.0	0.0	0.0	0.0	0.0	0.0	0.0	0.0	0.0	0.0	0.0	0.0	0.0	0.0	0.0	0.0	0.0	0.0	0.0	0.0	0.0	0.0
k__Fungi;p__Ascomycota;c__Eurotiomycetes;o__Eurotiales;f__Trichocomaceae	0.0163573322456	0.110119203907	0.0245735475896	0.00720588235294	0.0	0.0484059217397	0.0	0.0	0.0196176642458	0.0	0.0	0.0	0.0	0.0	0.824233051382	0.860857528919	0.690913594518	0.724161194567	0.813056558363	0.0	0.0	0.0	0.0	0.0	0.0	0.0	1.6110583042e-05	0.0	0.0	0.000334700025103	0.0001249796908	0.0	0.0	0.000338817151677	0.0	0.0	2.43908388009e-05	0.000287390731649	0.000286902883374	0.001184366364	0.0
k__Fungi;p__Ascomycota;c__Eurotiomycetes;o__Incertae_sedis;f__Monascaceae	0.0	0.0	0.0	0.0	0.0	3.07144173475e-05	0.0	0.0	4.17397111612e-05	0.0	0.0	0.0	0.0	0.0	0.0	0.0	0.0	0.0	0.0	1.75913872568e-05	0.0	0.0	0.0	0.0	1.87782847915e-05	0.0	0.000112774081294	3.33144551421e-05	0.0	0.0	0.0	0.0	1.47533969697e-05	7.52927003727e-05	0.0	6.42198888996e-05	0.0	0.00656208837265	2.04930630981e-05	0.000531446445382	0.0
k__Fungi;p__Ascomycota;c__Eurotiomycetes;o__Onygenales;f__Onygenaceae	0.0	0.0	0.0	0.0	0.0	0.0	0.0	0.0	0.0	0.0	0.0	0.0	0.0	0.0	0.0	0.0	0.0	0.00202392731852	0.0	0.0	0.0	0.0	0.0	0.0	0.0	0.0	0.0	0.0	0.0	0.0	0.0	0.0	0.0	0.0	0.0	0.0	0.0	0.0	0.0	0.0	0.0
k__Fungi;p__Ascomycota;c__Incertae_sedis;o__Incertae_sedis;f__Incertae_sedis	0.00150928003263	0.000866460116578	0.00195302843016	0.000539215686275	0.0	0.0	0.0	0.0	0.0	0.0	0.0	0.0	0.0	0.0	3.15616715061e-05	0.00477869689879	0.000536680014862	0.00143923720428	0.000782190132371	0.0	0.0	0.0	0.0	0.0	0.0	0.0	0.0	0.0	0.0	0.0	0.0	0.0	0.0	0.0	0.0	0.0	0.0	0.0	0.0	0.0	0.0
k__Fungi;p__Ascomycota;c__Leotiomycetes;o__Helotiales;f__Helotiaceae	0.0	2.6256367169e-05	0.000519159456119	0.0	0.0	0.0	0.0	0.0	0.0	0.0	0.0	0.0	0.0	0.0	0.0	3.29565303365e-05	0.0	0.0	0.0	0.0	0.0	0.0	0.0	0.0	0.0	0.0	0.0	0.0	0.0	0.0	0.0	0.0	0.0	0.0	0.0	0.0	0.0	0.0	0.0	0.0	0.0
k__Fungi;p__Ascomycota;c__Leotiomycetes;o__Helotiales;f__Incertae_sedis	0.0	0.0	0.0	0.0	0.0	0.0	0.0	0.0	0.0	0.0	0.0	0.00595137292851	0.0	0.0	0.0	0.0	0.0	0.0	0.0	0.0	0.0	0.0	0.0	0.0	0.0	0.0	0.0	0.0	0.0	0.0	0.0	0.0	0.0	0.0	0.0	0.0	0.0	0.0	0.0	0.0	0.0
k__Fungi;p__Ascomycota;c__Leotiomycetes;o__Helotiales;f__Sclerotiniaceae	0.0	0.0	0.0	0.0	0.0	0.0	0.0	0.0	0.0	0.0	0.0	0.0	0.0	0.0	0.0	0.0	0.0	0.0	0.0	0.0	0.0	0.0	0.0	0.0	0.0	0.0	0.0	0.0	0.0	0.0	0.0	0.0	0.0	0.0	0.0	0.0	0.0	0.0	0.0	0.0	0.0
k__Fungi;p__Ascomycota;c__Saccharomycetes;o__Saccharomycetales;f__Debaryomycetaceae	0.0	0.0	4.94437577256e-05	0.0	4.76031798924e-05	0.0	0.0	0.0	0.0	0.0	0.0	0.0	0.0	0.0	0.0	0.0	0.0	0.0	0.0	0.0	0.0	0.0	0.0	0.0	0.0	0.0	0.0	0.0	0.0	0.0	0.0	0.0	0.0	0.0	0.0	0.0	2.43908388009e-05	0.0	0.0	3.03683683076e-05	0.0
k__Fungi;p__Ascomycota;c__Saccharomycetes;o__Saccharomycetales;f__Eremotheciaceae	0.0	0.0	4.94437577256e-05	0.0	0.0	0.0	0.0	0.0	0.0	0.0	0.0	0.0	0.0	0.0	0.0	0.0	0.0	0.0	0.00123345367028	0.0	0.0	0.0	0.0	0.0	0.0	0.0	0.0	0.0	0.0	0.0	0.0	0.0	0.0	0.0	0.0	0.0	0.0	0.0	0.0	0.0	0.0
k__Fungi;p__Ascomycota;c__Saccharomycetes;o__Saccharomycetales;f__Incertae_sedis	0.0135019375892	0.227563934254	0.021977750309	0.0180882352941	0.0961584233827	0.00261072547454	0.000142106011084	0.141426783479	4.17397111612e-05	0.00514947456719	0.00483411451153	0.114092173703	0.00296433534044	0.0200365667343	0.0	0.0	0.0	0.03278762256	0.0	0.0	0.00149735467341	0.000148216461908	1.74294976819e-05	4.12022826065e-05	0.0	0.00648902948453	0.0429024826408	0.00048305959956	0.0118595224523	0.911388168354	0.00671140939597	3.04557706071e-05	0.000118027175757	0.00120468320596	0.0346215582171	0.199852294256	0.672821288324	0.761465692731	0.307375453409	0.561617419296	0.129352266096
k__Fungi;p__Ascomycota;c__Saccharomycetes;o__Saccharomycetales;f__Metschnikowiaceae	0.0	0.0	0.0	0.0	0.0	0.0	0.0	0.0	0.0	0.0	0.0	0.0	0.0	0.0	0.0	0.0	0.0	0.0	0.0	0.0	0.0	0.0	0.0	0.0	0.0	0.0	1.6110583042e-05	0.0	4.75014250428e-05	0.0	0.0	0.0	0.0	0.0	0.0	0.0	0.0	0.0	2.04930630981e-05	0.0	0.0
k__Fungi;p__Ascomycota;c__Saccharomycetes;o__Saccharomycetales;f__Pichiaceae	0.0	0.0	0.000716934487021	0.0	0.024325224925	0.0	0.0501634219127	0.306057571965	0.0	0.476547754969	0.0791287565481	0.472021289464	0.154763007565	0.608159891803	0.0	0.0	0.0	0.000179904650535	0.0	0.0160433451782	0.0136924766246	0.0307302131023	0.0279743437794	0.0268226859768	0.0829436839239	0.143590055562	0.169708881764	0.169204117667	0.222100829692	0.0861294731264	0.444340294702	0.0150908343358	0.0665525737301	0.987049655536	0.000617360167922	0.790996371576	0.194175467694	0.183762423662	0.502961247618	0.379543867108	0.802917720288
k__Fungi;p__Ascomycota;c__Saccharomycetes;o__Saccharomycetales;f__Saccharomycetaceae	0.0	0.0	0.0	0.0	0.000571238158709	0.0	0.0043768651414	0.0211013767209	0.0	6.99023696903e-05	0.0	4.83851457603e-05	9.26354793886e-05	0.0	0.0	0.0	0.0	0.0	0.0	0.0	0.00760323428609	0.00273377029742	0.0216300066232	0.0	0.0	2.02782171391e-05	6.4442332168e-05	3.33144551421e-05	3.16676166952e-05	2.78916687585e-05	3.74939072401e-05	0.000456836559107	0.00041309511515	0.000489402552423	0.0	6.42198888996e-05	0.0	4.78984552748e-05	2.04930630981e-05	3.03683683076e-05	0.0
k__Fungi;p__Ascomycota;c__Saccharomycetes;o__Saccharomycetales;f__Saccharomycodaceae	0.0	0.0	0.0	0.0	0.0037606512115	3.07144173475e-05	0.00176211453744	0.0202002503129	0.0	0.000442715008039	7.35226541678e-05	0.000145155437281	3.08784931295e-05	7.51371252536e-05	0.0	0.0	0.0	0.0	0.0	0.0	1.6637274149e-05	0.000214090444979	0.000104576986091	0.000267814836942	0.0	0.0	0.0	0.0	0.0	2.78916687585e-05	0.0	0.0	0.0	0.0	0.0	0.0	0.0	0.0	0.0	0.0	0.0
k__Fungi;p__Ascomycota;c__Saccharomycetes;o__Saccharomycetales;f__Saccharomycopsidaceae	0.0	0.0	0.0	0.0	0.0	0.0	0.0	0.0	0.0	0.0	0.0	0.0	0.0	0.365892754277	0.0	0.0	0.0	0.0	0.0	0.0	0.0	0.0	0.0	0.0	0.0	0.0	0.0	0.0	0.000126670466781	0.0	0.0	0.0	0.0	0.0	0.0	0.0	0.0	0.0179379715004	6.14791892944e-05	0.0203619909502	0.0
k__Fungi;p__Ascomycota;c__Saccharomycetes;o__Saccharomycetales;f__Trichomonascaceae	0.0	0.0186157643228	0.00170580964153	0.00093137254902	0.00218974627505	0.00218072363167	0.0	0.0	0.0	0.000512617377729	0.0	0.0134752630942	0.0	0.0	0.00135715187476	0.0	0.000495396936796	0.0	0.0	0.0	0.0	0.0	0.0	0.0	0.0	0.0	0.00156272655507	0.0	0.000142504275128	0.000892533400273	1.249796908e-05	0.0	0.0	0.0	0.0	0.000385319333398	0.0050732944706	0.00965153873788	0.00141402135377	0.00551185884782	0.0122933281463
k__Fungi;p__Ascomycota;c__Sordariomycetes;o__Diaporthales;f__Diaporthaceae	0.00106057515807	0.0	0.0	0.000147058823529	0.0	0.0	0.0	0.0	0.0	0.0	0.0	0.0	0.0	0.0	0.0	0.000230695712355	0.0	0.0	3.00842358604e-05	0.0	0.0	0.0	0.0	0.0	0.0	0.0	0.0	0.0	0.0	0.0	0.0	0.0	0.0	0.0	0.0	0.0	0.0	0.0	0.0	0.0	0.0
k__Fungi;p__Ascomycota;c__Sordariomycetes;o__Hypocreales;f__Clavicipitaceae	0.0019579849072	0.000945229218085	0.00121137206428	0.0126470588235	0.0	0.0	0.0	0.0	0.0	0.0	0.0	0.0	0.0	0.0	0.0	0.0	0.0	0.0	0.0	0.0	0.0	0.0	0.0	0.0	0.0	0.0	0.0	0.0	0.0	0.0	0.0	0.0	0.0	0.0	0.0	0.0	0.0	0.0	0.0	0.0	0.0
k__Fungi;p__Ascomycota;c__Sordariomycetes;o__Hypocreales;f__Hypocreaceae	0.0	0.00026256367169	0.0	0.000735294117647	0.0	0.0	0.0	0.0	0.0	0.0	0.0	0.0	0.0	0.0	0.00148339856079	0.00128530468312	0.0	0.0	0.0	0.0	0.0	0.0	0.0	0.0	0.0	0.0	0.0	0.0	0.0	0.0	0.0	0.0	0.0	0.0	0.0	0.0	0.0	0.0	0.0	0.0	0.0
k__Fungi;p__Ascomycota;c__Sordariomycetes;o__Hypocreales;f__Incertae_sedis	0.2867632062	0.0451346951636	0.147985166873	0.138970588235	0.00290379397344	0.0	0.0	0.0	0.0	0.0	0.0	0.0	0.0	0.0	0.0	0.000823913258412	0.0	0.0	0.0	0.0	1.6637274149e-05	0.0	0.0	0.0	0.0	0.0	0.0	0.0	0.0	0.0	0.0	0.0	0.0	0.0	0.0	0.0	0.0	0.0	0.0	0.0	0.0
k__Fungi;p__Ascomycota;c__Sordariomycetes;o__Hypocreales;f__Nectriaceae	0.0255761778503	0.00897967757181	0.0100618046972	0.00867647058824	0.0	0.00230358130106	0.0	0.0	0.000166958844645	0.0	0.0013601691021	0.0	0.0	0.000525959876775	0.00369271556622	6.5913060673e-05	0.00148619081039	0.00395790231177	0.000150421179302	0.0	0.0	0.0	0.0	0.0	0.0	0.0	0.0	0.0	0.0	0.0	0.0	0.0	0.0	0.0	0.0	0.0	0.0	0.0	0.0	0.0	0.0
k__Fungi;p__Ascomycota;c__Sordariomycetes;o__Hypocreales;f__unidentified	0.000326330817867	0.0	0.00017305315204	0.0	0.0	0.0	0.0	0.0	0.0	0.0	0.0	0.0	0.0	0.0	0.0	0.000692087137066	0.0	0.0	0.0	0.0	0.0	0.0	0.0	0.0	0.0	0.0	0.0	0.0	0.0	0.0	0.0	0.0	0.0	0.0	0.0	0.0	0.0	0.0	0.0	0.0	0.0
k__Fungi;p__Ascomycota;c__Sordariomycetes;o__Ophiostomatales;f__Ophiostomataceae	0.0	0.0	0.0	0.0	0.0	0.0	0.0	0.0	0.0	0.0	0.0	0.0	0.0	0.0	0.0	0.0	0.0	0.0	0.0	0.0	0.0	0.0	0.0	0.0	0.0	0.0	0.0	0.0	0.0	0.0	0.0	0.0	0.0	0.0	0.0	0.0	0.0	0.0	0.0	0.0	0.0
k__Fungi;p__Ascomycota;c__Sordariomycetes;o__Sordariales;f__Cephalothecaceae	0.0	0.0	0.000420271940667	0.000686274509804	0.0	0.0	0.0	0.0	0.0	0.0	0.0	0.0	0.0	0.0	0.0	0.0	0.0	0.0	0.0	0.0	0.0	0.0	0.0	0.0	0.0	0.0	0.0	0.0	0.0	0.0	0.0	0.0	0.0	0.0	0.0	0.0	0.0	0.0	0.0	0.0	0.0
k__Fungi;p__Ascomycota;c__Sordariomycetes;o__Trichosphaeriales;f__Incertae_sedis	0.00265143789517	0.00249435488106	0.00242274412855	0.00509803921569	0.0	0.0	0.0	0.0	0.0	0.0	0.0	0.0	0.0	0.0	0.0	0.00266947895726	4.12830780663e-05	0.0027885220833	0.0	0.0	0.0	0.0	0.0	0.0	0.0	0.0	0.0	0.0	0.0	0.0	0.0	0.0	0.0	0.0	0.0038029386344	0.0	0.0	0.0	0.0	0.0	0.0
k__Fungi;p__Ascomycota;c__unidentified;o__unidentified;f__unidentified	0.513073628391	0.484351205167	0.591990111248	0.579803921569	0.0273718284381	0.0207629461269	0.00494528918573	0.0106132665832	0.127890474998	0.0	0.00340042275526	0.00665295754203	0.00138953219083	0.00147769679665	0.0571266254261	0.02741983324	0.233249391075	0.0572996311955	0.0917870036101	0.0	0.0	0.00105398372913	0.000191724474501	0.0	0.0	0.0013991969826	0.00199771229721	0.0	0.000649186142251	0.0	0.000749878144801	3.04557706071e-05	0.0	0.0	0.0140017286085	0.00240824583373	0.01017097978	0.0182493114597	0.0055331270365	0.0274985575025	0.0463333981716
k__Fungi;p__Basidiomycota;c__Agaricomycetes;o__Agaricales;f__Lyophyllaceae	0.0	0.0	0.0	0.0	0.0	0.0	0.0	0.0	0.0	0.0	0.0	0.0	3.08784931295e-05	0.0	0.0	0.0	0.0	0.0	0.0	0.0	0.0	0.0	0.0	0.0	0.0	0.0	0.0	0.0	0.0	0.0	0.0	0.0	0.0	0.0	0.0	0.0	0.0	0.0	0.0	0.0	0.0
k__Fungi;p__Basidiomycota;c__Agaricomycetes;o__Polyporales;f__Phanerochaetaceae	0.0	0.0	0.0	0.0	0.0	0.0	0.0	0.0	0.0	0.0	0.0	0.0	0.0	0.0	0.0	0.00527304485384	0.0	0.0	0.0	0.0	0.0	0.0	0.0	0.0	0.0	0.0	0.0	0.0	0.0	0.0	0.0	0.0	0.0	0.0	0.0	0.0	0.0	0.0	0.0	0.0	0.0
k__Fungi;p__Basidiomycota;c__Agaricomycetes;o__Polyporales;f__Polyporaceae	0.0	0.0	0.0	0.0	0.0	0.0	0.0	0.0	0.0	0.0	0.0	0.0	0.0	0.0	0.0	0.0	0.0	0.0	0.0	0.0	0.0	0.0	0.0	0.0	0.0	0.0	0.0	0.0	0.0	0.0	0.0	0.0	0.0	0.0	0.0	0.0	0.0	0.0	0.0	0.0	0.0
k__Fungi;p__Basidiomycota;c__Agaricomycetes;o__Polyporales;f__Sistotremataceae	0.0	0.0	0.0	0.0	0.0	0.203728730266	0.0	0.0	0.0	0.0	0.0	0.0	0.0	0.0	0.0	0.0	0.0	0.0	0.0	0.0	0.0	0.0	0.0	0.0	0.0	0.0	0.0	0.0	0.0	0.0	0.0	0.0	0.0	0.0	0.0	0.0	0.0	0.0	0.0	0.0	0.0
k__Fungi;p__Basidiomycota;c__Agaricostilbomycetes;o__Agaricostilbales;f__Chionosphaeraceae	0.0017132367938	0.0	0.0	0.0	0.0	0.0	0.0	0.0	0.0	0.0	0.0	0.0	0.0	0.0	0.0	0.0	0.0	0.0	0.0	0.0	0.0	0.0	0.0	0.0	0.0	0.0	0.0	0.0	0.0	0.0	0.0	0.0	0.0	0.0	0.0	0.0	0.0	0.0	0.0	0.0	0.0
k__Fungi;p__Basidiomycota;c__Cystobasidiomycetes;o__Cystobasidiales;f__Cystobasidiaceae	0.0	0.00196922753768	0.00101359703337	0.00348039215686	0.0	0.0	0.0	0.0	0.0	2.33007898968e-05	0.0	0.0	0.0	0.0	0.0	0.0	0.0	0.0	0.0	0.0	0.0	0.0	0.0	0.0	0.0	0.0	0.0	0.0	0.0	0.0	0.0	0.0	0.0	0.0	0.0	0.0	0.0	0.0	0.0	0.0	0.0
k__Fungi;p__Basidiomycota;c__Microbotryomycetes;o__Sporidiobolales;f__Incertae_sedis	0.0	0.0	0.0014585908529	0.0	0.0	0.106394741692	0.0	0.0	0.0	0.0	0.0	0.0	0.0	0.0	0.0	0.0	0.0	0.0	0.000330926594465	1.75913872568e-05	0.0	0.0	0.0	0.0	0.0	0.0	0.0	1.6657227571e-05	0.0	0.0	0.0	0.0	0.0	0.0	0.0	0.0	0.0	0.0	0.0	0.0	0.0
k__Fungi;p__Basidiomycota;c__Pucciniomycetes;o__Pucciniales;f__Pucciniaceae	0.0	0.000577640077719	0.0	0.0	0.0	0.0	0.0	0.0	0.0	0.0	0.0	0.0	0.0	0.0	0.0	0.0	0.0	0.0	0.0	0.0	0.0	0.0	0.0	0.0	0.0	0.0	0.0	0.0	0.0	0.0	0.0	0.0	0.0	0.0	0.0	0.0	0.0	0.0	0.0	0.0	0.0
k__Fungi;p__Basidiomycota;c__Tremellomycetes;o__Filobasidiales;f__Filobasidiaceae	0.0	7.87691015071e-05	7.41656365884e-05	0.0	0.0	0.0	0.0	0.0	0.0	0.0	0.0	0.0	0.0	0.0	0.0	0.00332860956399	0.0	8.99523252676e-05	0.0	0.0	0.0	0.0	0.0	0.0	0.0	0.0	0.0	0.0	0.0	0.0	0.0	0.0	0.0	0.0	0.0	0.0	0.0	0.0	0.0	0.0	0.0
k__Fungi;p__Basidiomycota;c__Tremellomycetes;o__Tremellales;f__Incertae_sedis	0.0	0.0	0.0	0.0	4.76031798924e-05	0.0	0.0	0.0	0.0	0.0	0.0	0.0	0.0	0.0	0.0	0.0	0.0	0.0	0.0	0.0	0.0	0.0	0.0	0.0	0.0	0.0	0.0	0.0	0.0	0.0	0.0	0.0	0.0	0.0	0.0	0.0	0.0	0.0	0.0	0.0	0.0
k__Fungi;p__Basidiomycota;c__Tremellomycetes;o__Tremellales;f__Tremellaceae	0.00522129308587	0.0	0.000395550061805	0.0	0.0	0.0	0.0	0.0	0.0	0.0	0.0	0.0	0.0	0.0	0.0	0.0	0.0	0.0	0.0	0.0	0.0	0.0	0.0	0.0	0.0	0.0	0.0	0.0	0.0	0.0	0.0	0.0	0.0	0.0	0.0	0.0	0.0	0.0	0.0	0.0	0.0
k__Fungi;p__Basidiomycota;c__Tremellomycetes;o__Tremellales;f__Trichosporonaceae	0.0	0.0	0.000815822002472	0.0	0.0	0.0	0.0	0.0	0.0	0.0	0.0	0.0	0.0	0.0	0.0	0.0	0.0	0.0	0.0	0.0	1.6637274149e-05	1.64684957676e-05	0.0	0.0	0.0	0.0	0.0	0.0	0.0	0.0	0.0	0.0	0.0	0.0	0.0	0.0	0.0	0.0	0.0	0.0	0.0
k__Fungi;p__Basidiomycota;c__Tremellomycetes;o__unidentified;f__unidentified	0.0	0.0	0.0	0.0	0.0	0.0	0.0	0.0	0.0	0.0	0.0	0.0	0.0	0.0	0.0	0.0	0.0	0.0	0.0	0.0	0.0	0.00128454266987	0.0	0.0	0.0	0.0	0.0	0.0	0.0	0.0	0.0	0.0	0.0	0.0	0.0	0.0	0.0	0.0	0.0	0.0	0.0
k__Fungi;p__Basidiomycota;c__Ustilaginomycetes;o__Ustilaginales;f__Ustilaginaceae	0.0	0.0	0.0	0.0	0.0	0.0	0.0	0.0	0.0	2.33007898968e-05	0.0	0.0	0.0	0.0	0.0	0.0	0.0	0.0	0.0	0.0	0.0	0.0	0.0	0.0	0.0	0.0	0.0	0.0	0.0	0.0	0.0	0.0	0.0	0.0	0.0	0.0	0.0	0.0	0.0	0.0	0.0
k__Fungi;p__Basidiomycota;c__unidentified;o__unidentified;f__unidentified	0.0004894962268	0.00312450769312	0.00978986402967	0.0196078431373	0.0	0.00638859880828	2.84212022169e-05	0.0	0.0	0.0	0.0	0.0	0.0	0.0	0.00151496023229	0.0	0.0	0.0	0.000571600481348	0.0	0.0	0.0	0.0	0.0	0.0	0.0	0.0	0.0	0.0	0.0	0.0	0.0	1.47533969697e-05	0.0	0.0	0.0	0.0	0.0	0.0	0.0	0.0
k__Fungi;p__Glomeromycota;c__Glomeromycetes;o__Glomerales;f__Glomeraceae	0.0	0.0	0.0	0.0	0.0	0.0	0.0	0.0	0.0	0.0	0.000882271850014	0.0	0.0	0.0	0.0	0.0	0.0	0.0	0.0	0.0	0.0	0.0	0.0	0.0	0.0	0.0	0.0	0.0	0.0	0.0	0.0	0.0	0.0	0.0	0.0299296209409	0.0	0.0	0.0	0.0	0.0	0.0
k__Fungi;p__unidentified;c__unidentified;o__unidentified;f__unidentified	0.100754640016	0.0766160793993	0.121236093943	0.141568627451	0.838768029704	0.592327538547	0.936109137417	0.500600750939	0.852241422489	0.517230934129	0.910320742579	0.387589210112	0.840728732438	0.00383199338793	0.108098724908	0.087565501104	0.0732774635677	0.164432850589	0.0886883273165	0.983921472047	0.977157022593	0.963818714799	0.950081918639	0.972868296904	0.917037537791	0.848501439753	0.783618759163	0.830229536596	0.76504211793	0.00119934175662	0.54802344619	0.984391417564	0.932886797185	0.0108421488537	0.917002099025	0.00619721927881	0.117710188053	0.00201173512154	0.182285796258	0.00368975674937	0.00910328729819